i	seno
0.000000 0.280000
0.000100 0.280750
0.000200 0.281500
0.000300 0.282250
0.000400 0.283000
0.000500 0.283750
0.000600 0.284500
0.000700 0.285250
0.000800 0.285999
0.000900 0.286749
0.001000 0.287499
0.001100 0.288249
0.001200 0.288998
0.001300 0.289748
0.001400 0.290497
0.001500 0.291246
0.001600 0.291995
0.001700 0.292744
0.001800 0.293493
0.001900 0.294242
0.002000 0.294991
0.002100 0.295740
0.002200 0.296488
0.002300 0.297236
0.002400 0.297984
0.002500 0.298732
0.002600 0.299480
0.002700 0.300228
0.002800 0.300975
0.002900 0.301723
0.003000 0.302470
0.003100 0.303216
0.003200 0.303963
0.003300 0.304710
0.003400 0.305456
0.003500 0.306202
0.003600 0.306948
0.003700 0.307693
0.003800 0.308438
0.003900 0.309183
0.004000 0.309928
0.004100 0.310673
0.004200 0.311417
0.004300 0.312161
0.004400 0.312904
0.004500 0.313648
0.004600 0.314391
0.004700 0.315133
0.004800 0.315876
0.004900 0.316618
0.005000 0.317360
0.005100 0.318101
0.005200 0.318842
0.005300 0.319583
0.005400 0.320323
0.005500 0.321063
0.005600 0.321803
0.005700 0.322542
0.005800 0.323281
0.005900 0.324019
0.006000 0.324757
0.006100 0.325495
0.006200 0.326232
0.006300 0.326969
0.006400 0.327706
0.006500 0.328442
0.006600 0.329177
0.006700 0.329912
0.006800 0.330647
0.006900 0.331381
0.007000 0.332115
0.007100 0.332848
0.007200 0.333581
0.007300 0.334313
0.007400 0.335045
0.007500 0.335777
0.007600 0.336507
0.007700 0.337238
0.007800 0.337968
0.007900 0.338697
0.008000 0.339426
0.008100 0.340154
0.008200 0.340882
0.008300 0.341609
0.008400 0.342335
0.008500 0.343061
0.008600 0.343787
0.008700 0.344512
0.008800 0.345236
0.008900 0.345960
0.009000 0.346683
0.009100 0.347405
0.009200 0.348127
0.009300 0.348849
0.009400 0.349569
0.009500 0.350289
0.009600 0.351009
0.009700 0.351728
0.009800 0.352446
0.009900 0.353163
0.010000 0.353880
0.010100 0.354596
0.010200 0.355312
0.010300 0.356027
0.010400 0.356741
0.010500 0.357454
0.010600 0.358167
0.010700 0.358879
0.010800 0.359590
0.010900 0.360301
0.011000 0.361011
0.011100 0.361720
0.011200 0.362428
0.011300 0.363136
0.011400 0.363843
0.011500 0.364549
0.011600 0.365255
0.011700 0.365959
0.011800 0.366663
0.011900 0.367366
0.012000 0.368069
0.012100 0.368770
0.012200 0.369471
0.012300 0.370171
0.012400 0.370870
0.012500 0.371568
0.012600 0.372266
0.012700 0.372962
0.012800 0.373658
0.012900 0.374353
0.013000 0.375047
0.013100 0.375740
0.013200 0.376433
0.013300 0.377124
0.013400 0.377815
0.013500 0.378505
0.013600 0.379194
0.013700 0.379882
0.013800 0.380569
0.013900 0.381255
0.014000 0.381940
0.014100 0.382624
0.014200 0.383308
0.014300 0.383990
0.014400 0.384672
0.014500 0.385353
0.014600 0.386032
0.014700 0.386711
0.014800 0.387389
0.014900 0.388066
0.015000 0.388741
0.015100 0.389416
0.015200 0.390090
0.015300 0.390763
0.015400 0.391435
0.015500 0.392106
0.015600 0.392776
0.015700 0.393444
0.015800 0.394112
0.015900 0.394779
0.016000 0.395445
0.016100 0.396110
0.016200 0.396773
0.016300 0.397436
0.016400 0.398097
0.016500 0.398758
0.016600 0.399417
0.016700 0.400076
0.016800 0.400733
0.016900 0.401389
0.017000 0.402044
0.017100 0.402698
0.017200 0.403351
0.017300 0.404003
0.017400 0.404654
0.017500 0.405303
0.017600 0.405952
0.017700 0.406599
0.017800 0.407245
0.017900 0.407890
0.018000 0.408534
0.018100 0.409177
0.018200 0.409818
0.018300 0.410459
0.018400 0.411098
0.018500 0.411736
0.018600 0.412373
0.018700 0.413008
0.018800 0.413643
0.018900 0.414276
0.019000 0.414908
0.019100 0.415539
0.019200 0.416168
0.019300 0.416797
0.019400 0.417424
0.019500 0.418050
0.019600 0.418675
0.019700 0.419298
0.019800 0.419920
0.019900 0.420541
0.020000 0.421161
0.020100 0.421779
0.020200 0.422396
0.020300 0.423012
0.020400 0.423626
0.020500 0.424240
0.020600 0.424852
0.020700 0.425462
0.020800 0.426072
0.020900 0.426680
0.021000 0.427286
0.021100 0.427892
0.021200 0.428496
0.021300 0.429098
0.021400 0.429700
0.021500 0.430300
0.021600 0.430898
0.021700 0.431496
0.021800 0.432091
0.021900 0.432686
0.022000 0.433279
0.022100 0.433871
0.022200 0.434461
0.022300 0.435050
0.022400 0.435638
0.022500 0.436224
0.022600 0.436809
0.022700 0.437393
0.022800 0.437975
0.022900 0.438555
0.023000 0.439134
0.023100 0.439712
0.023200 0.440288
0.023300 0.440863
0.023400 0.441437
0.023500 0.442008
0.023600 0.442579
0.023700 0.443148
0.023800 0.443715
0.023900 0.444282
0.024000 0.444846
0.024100 0.445409
0.024200 0.445971
0.024300 0.446531
0.024400 0.447090
0.024500 0.447647
0.024600 0.448202
0.024700 0.448757
0.024800 0.449309
0.024900 0.449860
0.025000 0.450410
0.025100 0.450958
0.025200 0.451504
0.025300 0.452049
0.025400 0.452592
0.025500 0.453134
0.025600 0.453675
0.025700 0.454213
0.025800 0.454750
0.025900 0.455286
0.026000 0.455820
0.026100 0.456352
0.026200 0.456883
0.026300 0.457412
0.026400 0.457940
0.026500 0.458466
0.026600 0.458990
0.026700 0.459513
0.026800 0.460034
0.026900 0.460554
0.027000 0.461072
0.027100 0.461588
0.027200 0.462103
0.027300 0.462616
0.027400 0.463127
0.027500 0.463637
0.027600 0.464145
0.027700 0.464651
0.027800 0.465156
0.027900 0.465659
0.028000 0.466161
0.028100 0.466661
0.028200 0.467159
0.028300 0.467655
0.028400 0.468150
0.028500 0.468643
0.028600 0.469134
0.028700 0.469624
0.028800 0.470112
0.028900 0.470598
0.029000 0.471082
0.029100 0.471565
0.029200 0.472046
0.029300 0.472525
0.029400 0.473003
0.029500 0.473479
0.029600 0.473953
0.029700 0.474425
0.029800 0.474896
0.029900 0.475365
0.030000 0.475832
0.030100 0.476297
0.030200 0.476761
0.030300 0.477222
0.030400 0.477682
0.030500 0.478141
0.030600 0.478597
0.030700 0.479052
0.030800 0.479505
0.030900 0.479956
0.031000 0.480405
0.031100 0.480852
0.031200 0.481298
0.031300 0.481742
0.031400 0.482184
0.031500 0.482624
0.031600 0.483063
0.031700 0.483499
0.031800 0.483934
0.031900 0.484367
0.032000 0.484798
0.032100 0.485227
0.032200 0.485654
0.032300 0.486080
0.032400 0.486504
0.032500 0.486925
0.032600 0.487345
0.032700 0.487763
0.032800 0.488180
0.032900 0.488594
0.033000 0.489006
0.033100 0.489417
0.033200 0.489826
0.033300 0.490233
0.033400 0.490637
0.033500 0.491040
0.033600 0.491442
0.033700 0.491841
0.033800 0.492238
0.033900 0.492634
0.034000 0.493027
0.034100 0.493419
0.034200 0.493808
0.034300 0.494196
0.034400 0.494582
0.034500 0.494966
0.034600 0.495348
0.034700 0.495728
0.034800 0.496106
0.034900 0.496482
0.035000 0.496856
0.035100 0.497228
0.035200 0.497598
0.035300 0.497967
0.035400 0.498333
0.035500 0.498697
0.035600 0.499060
0.035700 0.499420
0.035800 0.499778
0.035900 0.500135
0.036000 0.500489
0.036100 0.500842
0.036200 0.501192
0.036300 0.501541
0.036400 0.501888
0.036500 0.502232
0.036600 0.502575
0.036700 0.502915
0.036800 0.503254
0.036900 0.503590
0.037000 0.503925
0.037100 0.504257
0.037200 0.504588
0.037300 0.504916
0.037400 0.505243
0.037500 0.505567
0.037600 0.505889
0.037700 0.506210
0.037800 0.506528
0.037900 0.506844
0.038000 0.507158
0.038100 0.507471
0.038200 0.507781
0.038300 0.508089
0.038400 0.508395
0.038500 0.508699
0.038600 0.509001
0.038700 0.509300
0.038800 0.509598
0.038900 0.509894
0.039000 0.510188
0.039100 0.510479
0.039200 0.510769
0.039300 0.511056
0.039400 0.511342
0.039500 0.511625
0.039600 0.511906
0.039700 0.512185
0.039800 0.512462
0.039900 0.512737
0.040000 0.513010
0.040100 0.513280
0.040200 0.513549
0.040300 0.513816
0.040400 0.514080
0.040500 0.514342
0.040600 0.514603
0.040700 0.514861
0.040800 0.515117
0.040900 0.515370
0.041000 0.515622
0.041100 0.515872
0.041200 0.516119
0.041300 0.516365
0.041400 0.516608
0.041500 0.516849
0.041600 0.517088
0.041700 0.517325
0.041800 0.517560
0.041900 0.517792
0.042000 0.518023
0.042100 0.518251
0.042200 0.518477
0.042300 0.518701
0.042400 0.518923
0.042500 0.519143
0.042600 0.519360
0.042700 0.519576
0.042800 0.519789
0.042900 0.520000
0.043000 0.520209
0.043100 0.520416
0.043200 0.520620
0.043300 0.520823
0.043400 0.521023
0.043500 0.521221
0.043600 0.521417
0.043700 0.521611
0.043800 0.521802
0.043900 0.521992
0.044000 0.522179
0.044100 0.522364
0.044200 0.522547
0.044300 0.522727
0.044400 0.522906
0.044500 0.523082
0.044600 0.523256
0.044700 0.523428
0.044800 0.523598
0.044900 0.523765
0.045000 0.523931
0.045100 0.524094
0.045200 0.524255
0.045300 0.524414
0.045400 0.524570
0.045500 0.524725
0.045600 0.524877
0.045700 0.525027
0.045800 0.525175
0.045900 0.525320
0.046000 0.525463
0.046100 0.525605
0.046200 0.525743
0.046300 0.525880
0.046400 0.526015
0.046500 0.526147
0.046600 0.526277
0.046700 0.526405
0.046800 0.526530
0.046900 0.526654
0.047000 0.526775
0.047100 0.526894
0.047200 0.527011
0.047300 0.527125
0.047400 0.527238
0.047500 0.527348
0.047600 0.527455
0.047700 0.527561
0.047800 0.527664
0.047900 0.527766
0.048000 0.527865
0.048100 0.527961
0.048200 0.528056
0.048300 0.528148
0.048400 0.528238
0.048500 0.528326
0.048600 0.528411
0.048700 0.528495
0.048800 0.528576
0.048900 0.528654
0.049000 0.528731
0.049100 0.528805
0.049200 0.528878
0.049300 0.528947
0.049400 0.529015
0.049500 0.529080
0.049600 0.529144
0.049700 0.529204
0.049800 0.529263
0.049900 0.529320
0.050000 0.529374
0.050100 0.529426
0.050200 0.529475
0.050300 0.529523
0.050400 0.529568
0.050500 0.529611
0.050600 0.529652
0.050700 0.529690
0.050800 0.529726
0.050900 0.529760
0.051000 0.529792
0.051100 0.529821
0.051200 0.529849
0.051300 0.529874
0.051400 0.529896
0.051500 0.529917
0.051600 0.529935
0.051700 0.529951
0.051800 0.529965
0.051900 0.529976
0.052000 0.529985
0.052100 0.529992
0.052200 0.529997
0.052300 0.530000
0.052400 0.530000
0.052500 0.529998
0.052600 0.529994
0.052700 0.529987
0.052800 0.529978
0.052900 0.529967
0.053000 0.529954
0.053100 0.529938
0.053200 0.529921
0.053300 0.529901
0.053400 0.529878
0.053500 0.529854
0.053600 0.529827
0.053700 0.529798
0.053800 0.529767
0.053900 0.529733
0.054000 0.529697
0.054100 0.529659
0.054200 0.529619
0.054300 0.529577
0.054400 0.529532
0.054500 0.529485
0.054600 0.529436
0.054700 0.529384
0.054800 0.529330
0.054900 0.529274
0.055000 0.529216
0.055100 0.529156
0.055200 0.529093
0.055300 0.529028
0.055400 0.528961
0.055500 0.528892
0.055600 0.528820
0.055700 0.528746
0.055800 0.528670
0.055900 0.528591
0.056000 0.528511
0.056100 0.528428
0.056200 0.528343
0.056300 0.528256
0.056400 0.528166
0.056500 0.528074
0.056600 0.527980
0.056700 0.527884
0.056800 0.527785
0.056900 0.527685
0.057000 0.527582
0.057100 0.527477
0.057200 0.527369
0.057300 0.527259
0.057400 0.527148
0.057500 0.527034
0.057600 0.526917
0.057700 0.526799
0.057800 0.526678
0.057900 0.526555
0.058000 0.526430
0.058100 0.526302
0.058200 0.526173
0.058300 0.526041
0.058400 0.525907
0.058500 0.525771
0.058600 0.525632
0.058700 0.525491
0.058800 0.525349
0.058900 0.525203
0.059000 0.525056
0.059100 0.524907
0.059200 0.524755
0.059300 0.524601
0.059400 0.524445
0.059500 0.524286
0.059600 0.524126
0.059700 0.523963
0.059800 0.523798
0.059900 0.523631
0.060000 0.523462
0.060100 0.523290
0.060200 0.523117
0.060300 0.522941
0.060400 0.522763
0.060500 0.522583
0.060600 0.522400
0.060700 0.522216
0.060800 0.522029
0.060900 0.521840
0.061000 0.521649
0.061100 0.521455
0.061200 0.521260
0.061300 0.521062
0.061400 0.520862
0.061500 0.520660
0.061600 0.520456
0.061700 0.520250
0.061800 0.520041
0.061900 0.519831
0.062000 0.519618
0.062100 0.519403
0.062200 0.519186
0.062300 0.518966
0.062400 0.518745
0.062500 0.518521
0.062600 0.518296
0.062700 0.518068
0.062800 0.517838
0.062900 0.517606
0.063000 0.517371
0.063100 0.517135
0.063200 0.516896
0.063300 0.516656
0.063400 0.516413
0.063500 0.516168
0.063600 0.515921
0.063700 0.515672
0.063800 0.515420
0.063900 0.515167
0.064000 0.514911
0.064100 0.514654
0.064200 0.514394
0.064300 0.514132
0.064400 0.513868
0.064500 0.513602
0.064600 0.513334
0.064700 0.513063
0.064800 0.512791
0.064900 0.512517
0.065000 0.512240
0.065100 0.511961
0.065200 0.511680
0.065300 0.511398
0.065400 0.511113
0.065500 0.510826
0.065600 0.510537
0.065700 0.510245
0.065800 0.509952
0.065900 0.509657
0.066000 0.509359
0.066100 0.509060
0.066200 0.508759
0.066300 0.508455
0.066400 0.508149
0.066500 0.507842
0.066600 0.507532
0.066700 0.507220
0.066800 0.506906
0.066900 0.506591
0.067000 0.506273
0.067100 0.505953
0.067200 0.505631
0.067300 0.505307
0.067400 0.504981
0.067500 0.504653
0.067600 0.504323
0.067700 0.503991
0.067800 0.503656
0.067900 0.503320
0.068000 0.502982
0.068100 0.502642
0.068200 0.502300
0.068300 0.501956
0.068400 0.501610
0.068500 0.501261
0.068600 0.500911
0.068700 0.500559
0.068800 0.500205
0.068900 0.499849
0.069000 0.499491
0.069100 0.499131
0.069200 0.498769
0.069300 0.498405
0.069400 0.498039
0.069500 0.497671
0.069600 0.497301
0.069700 0.496929
0.069800 0.496556
0.069900 0.496180
0.070000 0.495802
0.070100 0.495423
0.070200 0.495041
0.070300 0.494658
0.070400 0.494272
0.070500 0.493885
0.070600 0.493496
0.070700 0.493105
0.070800 0.492711
0.070900 0.492316
0.071000 0.491919
0.071100 0.491521
0.071200 0.491120
0.071300 0.490717
0.071400 0.490313
0.071500 0.489906
0.071600 0.489498
0.071700 0.489088
0.071800 0.488676
0.071900 0.488262
0.072000 0.487846
0.072100 0.487428
0.072200 0.487009
0.072300 0.486587
0.072400 0.486164
0.072500 0.485739
0.072600 0.485312
0.072700 0.484883
0.072800 0.484452
0.072900 0.484020
0.073000 0.483585
0.073100 0.483149
0.073200 0.482711
0.073300 0.482271
0.073400 0.481829
0.073500 0.481386
0.073600 0.480941
0.073700 0.480494
0.073800 0.480045
0.073900 0.479594
0.074000 0.479141
0.074100 0.478687
0.074200 0.478231
0.074300 0.477773
0.074400 0.477313
0.074500 0.476852
0.074600 0.476389
0.074700 0.475924
0.074800 0.475457
0.074900 0.474989
0.075000 0.474518
0.075100 0.474046
0.075200 0.473573
0.075300 0.473097
0.075400 0.472620
0.075500 0.472141
0.075600 0.471660
0.075700 0.471178
0.075800 0.470694
0.075900 0.470208
0.076000 0.469720
0.076100 0.469231
0.076200 0.468740
0.076300 0.468247
0.076400 0.467753
0.076500 0.467257
0.076600 0.466759
0.076700 0.466260
0.076800 0.465759
0.076900 0.465256
0.077000 0.464751
0.077100 0.464245
0.077200 0.463737
0.077300 0.463228
0.077400 0.462717
0.077500 0.462204
0.077600 0.461690
0.077700 0.461174
0.077800 0.460656
0.077900 0.460137
0.078000 0.459616
0.078100 0.459094
0.078200 0.458570
0.078300 0.458044
0.078400 0.457517
0.078500 0.456988
0.078600 0.456457
0.078700 0.455925
0.078800 0.455391
0.078900 0.454856
0.079000 0.454319
0.079100 0.453781
0.079200 0.453241
0.079300 0.452700
0.079400 0.452157
0.079500 0.451612
0.079600 0.451066
0.079700 0.450518
0.079800 0.449969
0.079900 0.449418
0.080000 0.448866
0.080100 0.448312
0.080200 0.447757
0.080300 0.447200
0.080400 0.446642
0.080500 0.446082
0.080600 0.445520
0.080700 0.444958
0.080800 0.444393
0.080900 0.443827
0.081000 0.443260
0.081100 0.442691
0.081200 0.442121
0.081300 0.441550
0.081400 0.440977
0.081500 0.440402
0.081600 0.439826
0.081700 0.439249
0.081800 0.438670
0.081900 0.438089
0.082000 0.437508
0.082100 0.436925
0.082200 0.436340
0.082300 0.435754
0.082400 0.435167
0.082500 0.434578
0.082600 0.433988
0.082700 0.433396
0.082800 0.432803
0.082900 0.432209
0.083000 0.431613
0.083100 0.431016
0.083200 0.430418
0.083300 0.429818
0.083400 0.429217
0.083500 0.428615
0.083600 0.428011
0.083700 0.427406
0.083800 0.426799
0.083900 0.426192
0.084000 0.425583
0.084100 0.424972
0.084200 0.424361
0.084300 0.423748
0.084400 0.423133
0.084500 0.422518
0.084600 0.421901
0.084700 0.421283
0.084800 0.420663
0.084900 0.420043
0.085000 0.419421
0.085100 0.418798
0.085200 0.418173
0.085300 0.417548
0.085400 0.416921
0.085500 0.416293
0.085600 0.415663
0.085700 0.415033
0.085800 0.414401
0.085900 0.413768
0.086000 0.413134
0.086100 0.412498
0.086200 0.411862
0.086300 0.411224
0.086400 0.410585
0.086500 0.409945
0.086600 0.409304
0.086700 0.408661
0.086800 0.408017
0.086900 0.407373
0.087000 0.406727
0.087100 0.406080
0.087200 0.405431
0.087300 0.404782
0.087400 0.404132
0.087500 0.403480
0.087600 0.402827
0.087700 0.402174
0.087800 0.401519
0.087900 0.400863
0.088000 0.400206
0.088100 0.399548
0.088200 0.398888
0.088300 0.398228
0.088400 0.397567
0.088500 0.396904
0.088600 0.396241
0.088700 0.395576
0.088800 0.394911
0.088900 0.394244
0.089000 0.393576
0.089100 0.392908
0.089200 0.392238
0.089300 0.391567
0.089400 0.390896
0.089500 0.390223
0.089600 0.389549
0.089700 0.388875
0.089800 0.388199
0.089900 0.387523
0.090000 0.386845
0.090100 0.386166
0.090200 0.385487
0.090300 0.384807
0.090400 0.384125
0.090500 0.383443
0.090600 0.382760
0.090700 0.382075
0.090800 0.381390
0.090900 0.380704
0.091000 0.380017
0.091100 0.379330
0.091200 0.378641
0.091300 0.377951
0.091400 0.377261
0.091500 0.376569
0.091600 0.375877
0.091700 0.375184
0.091800 0.374490
0.091900 0.373795
0.092000 0.373100
0.092100 0.372403
0.092200 0.371706
0.092300 0.371008
0.092400 0.370309
0.092500 0.369609
0.092600 0.368909
0.092700 0.368207
0.092800 0.367505
0.092900 0.366802
0.093000 0.366098
0.093100 0.365394
0.093200 0.364689
0.093300 0.363983
0.093400 0.363276
0.093500 0.362568
0.093600 0.361860
0.093700 0.361151
0.093800 0.360441
0.093900 0.359731
0.094000 0.359019
0.094100 0.358308
0.094200 0.357595
0.094300 0.356882
0.094400 0.356168
0.094500 0.355453
0.094600 0.354738
0.094700 0.354022
0.094800 0.353305
0.094900 0.352588
0.095000 0.351870
0.095100 0.351151
0.095200 0.350432
0.095300 0.349712
0.095400 0.348991
0.095500 0.348270
0.095600 0.347548
0.095700 0.346826
0.095800 0.346103
0.095900 0.345379
0.096000 0.344655
0.096100 0.343930
0.096200 0.343205
0.096300 0.342479
0.096400 0.341752
0.096500 0.341025
0.096600 0.340298
0.096700 0.339570
0.096800 0.338841
0.096900 0.338112
0.097000 0.337382
0.097100 0.336652
0.097200 0.335921
0.097300 0.335190
0.097400 0.334458
0.097500 0.333726
0.097600 0.332993
0.097700 0.332260
0.097800 0.331526
0.097900 0.330792
0.098000 0.330057
0.098100 0.329322
0.098200 0.328587
0.098300 0.327851
0.098400 0.327115
0.098500 0.326378
0.098600 0.325641
0.098700 0.324903
0.098800 0.324165
0.098900 0.323427
0.099000 0.322688
0.099100 0.321949
0.099200 0.321209
0.099300 0.320469
0.099400 0.319729
0.099500 0.318988
0.099600 0.318247
0.099700 0.317506
0.099800 0.316764
0.099900 0.316022
0.100000 0.315280
0.100100 0.314537
0.100200 0.313794
0.100300 0.313051
0.100400 0.312308
0.100500 0.311564
0.100600 0.310820
0.100700 0.310075
0.100800 0.309330
0.100900 0.308586
0.101000 0.307840
0.101100 0.307095
0.101200 0.306349
0.101300 0.305603
0.101400 0.304857
0.101500 0.304111
0.101600 0.303364
0.101700 0.302617
0.101800 0.301870
0.101900 0.301123
0.102000 0.300376
0.102100 0.299628
0.102200 0.298880
0.102300 0.298132
0.102400 0.297384
0.102500 0.296636
0.102600 0.295887
0.102700 0.295139
0.102800 0.294390
0.102900 0.293641
0.103000 0.292892
0.103100 0.292143
0.103200 0.291394
0.103300 0.290645
0.103400 0.289896
0.103500 0.289146
0.103600 0.288397
0.103700 0.287647
0.103800 0.286897
0.103900 0.286148
0.104000 0.285398
0.104100 0.284648
0.104200 0.283898
0.104300 0.283148
0.104400 0.282398
0.104500 0.281648
0.104600 0.280898
0.104700 0.280148
0.104800 0.279398
0.104900 0.278648
0.105000 0.277898
0.105100 0.277148
0.105200 0.276398
0.105300 0.275648
0.105400 0.274899
0.105500 0.274149
0.105600 0.273399
0.105700 0.272649
0.105800 0.271900
0.105900 0.271150
0.106000 0.270401
0.106100 0.269651
0.106200 0.268902
0.106300 0.268153
0.106400 0.267403
0.106500 0.266655
0.106600 0.265906
0.106700 0.265157
0.106800 0.264408
0.106900 0.263660
0.107000 0.262911
0.107100 0.262163
0.107200 0.261415
0.107300 0.260667
0.107400 0.259920
0.107500 0.259172
0.107600 0.258425
0.107700 0.257678
0.107800 0.256931
0.107900 0.256184
0.108000 0.255438
0.108100 0.254692
0.108200 0.253946
0.108300 0.253200
0.108400 0.252454
0.108500 0.251709
0.108600 0.250964
0.108700 0.250219
0.108800 0.249475
0.108900 0.248730
0.109000 0.247986
0.109100 0.247243
0.109200 0.246499
0.109300 0.245756
0.109400 0.245013
0.109500 0.244271
0.109600 0.243529
0.109700 0.242787
0.109800 0.242045
0.109900 0.241304
0.110000 0.240564
0.110100 0.239823
0.110200 0.239083
0.110300 0.238343
0.110400 0.237604
0.110500 0.236865
0.110600 0.236127
0.110700 0.235388
0.110800 0.234651
0.110900 0.233913
0.111000 0.233176
0.111100 0.232440
0.111200 0.231704
0.111300 0.230968
0.111400 0.230233
0.111500 0.229498
0.111600 0.228764
0.111700 0.228030
0.111800 0.227297
0.111900 0.226564
0.112000 0.225831
0.112100 0.225099
0.112200 0.224368
0.112300 0.223637
0.112400 0.222906
0.112500 0.222177
0.112600 0.221447
0.112700 0.220718
0.112800 0.219990
0.112900 0.219262
0.113000 0.218535
0.113100 0.217808
0.113200 0.217082
0.113300 0.216356
0.113400 0.215631
0.113500 0.214907
0.113600 0.214183
0.113700 0.213460
0.113800 0.212737
0.113900 0.212015
0.114000 0.211294
0.114100 0.210573
0.114200 0.209853
0.114300 0.209133
0.114400 0.208414
0.114500 0.207696
0.114600 0.206978
0.114700 0.206262
0.114800 0.205545
0.114900 0.204830
0.115000 0.204115
0.115100 0.203400
0.115200 0.202687
0.115300 0.201974
0.115400 0.201262
0.115500 0.200550
0.115600 0.199839
0.115700 0.199129
0.115800 0.198420
0.115900 0.197712
0.116000 0.197004
0.116100 0.196297
0.116200 0.195590
0.116300 0.194885
0.116400 0.194180
0.116500 0.193476
0.116600 0.192773
0.116700 0.192070
0.116800 0.191368
0.116900 0.190668
0.117000 0.189967
0.117100 0.189268
0.117200 0.188570
0.117300 0.187872
0.117400 0.187175
0.117500 0.186479
0.117600 0.185784
0.117700 0.185090
0.117800 0.184397
0.117900 0.183704
0.118000 0.183012
0.118100 0.182321
0.118200 0.181632
0.118300 0.180942
0.118400 0.180254
0.118500 0.179567
0.118600 0.178881
0.118700 0.178195
0.118800 0.177511
0.118900 0.176827
0.119000 0.176144
0.119100 0.175463
0.119200 0.174782
0.119300 0.174102
0.119400 0.173423
0.119500 0.172745
0.119600 0.172068
0.119700 0.171392
0.119800 0.170717
0.119900 0.170043
0.120000 0.169370
0.120100 0.168698
0.120200 0.168027
0.120300 0.167357
0.120400 0.166688
0.120500 0.166020
0.120600 0.165353
0.120700 0.164687
0.120800 0.164022
0.120900 0.163358
0.121000 0.162695
0.121100 0.162033
0.121200 0.161372
0.121300 0.160713
0.121400 0.160054
0.121500 0.159397
0.121600 0.158740
0.121700 0.158085
0.121800 0.157431
0.121900 0.156778
0.122000 0.156126
0.122100 0.155475
0.122200 0.154825
0.122300 0.154176
0.122400 0.153529
0.122500 0.152882
0.122600 0.152237
0.122700 0.151593
0.122800 0.150950
0.122900 0.150308
0.123000 0.149668
0.123100 0.149028
0.123200 0.148390
0.123300 0.147753
0.123400 0.147117
0.123500 0.146482
0.123600 0.145849
0.123700 0.145217
0.123800 0.144586
0.123900 0.143956
0.124000 0.143327
0.124100 0.142700
0.124200 0.142074
0.124300 0.141449
0.124400 0.140825
0.124500 0.140203
0.124600 0.139582
0.124700 0.138962
0.124800 0.138343
0.124900 0.137726
0.125000 0.137110
0.125100 0.136495
0.125200 0.135881
0.125300 0.135269
0.125400 0.134658
0.125500 0.134049
0.125600 0.133441
0.125700 0.132834
0.125800 0.132228
0.125900 0.131624
0.126000 0.131021
0.126100 0.130419
0.126200 0.129819
0.126300 0.129220
0.126400 0.128622
0.126500 0.128026
0.126600 0.127431
0.126700 0.126838
0.126800 0.126246
0.126900 0.125655
0.127000 0.125066
0.127100 0.124478
0.127200 0.123891
0.127300 0.123306
0.127400 0.122723
0.127500 0.122140
0.127600 0.121559
0.127700 0.120980
0.127800 0.120402
0.127900 0.119825
0.128000 0.119250
0.128100 0.118677
0.128200 0.118104
0.128300 0.117534
0.128400 0.116964
0.128500 0.116397
0.128600 0.115830
0.128700 0.115265
0.128800 0.114702
0.128900 0.114140
0.129000 0.113580
0.129100 0.113021
0.129200 0.112463
0.129300 0.111907
0.129400 0.111353
0.129500 0.110800
0.129600 0.110249
0.129700 0.109699
0.129800 0.109150
0.129900 0.108604
0.130000 0.108058
0.130100 0.107515
0.130200 0.106973
0.130300 0.106432
0.130400 0.105893
0.130500 0.105356
0.130600 0.104820
0.130700 0.104286
0.130800 0.103753
0.130900 0.103222
0.131000 0.102692
0.131100 0.102164
0.131200 0.101638
0.131300 0.101113
0.131400 0.100590
0.131500 0.100069
0.131600 0.099549
0.131700 0.099030
0.131800 0.098514
0.131900 0.097999
0.132000 0.097485
0.132100 0.096974
0.132200 0.096464
0.132300 0.095955
0.132400 0.095448
0.132500 0.094943
0.132600 0.094440
0.132700 0.093938
0.132800 0.093438
0.132900 0.092940
0.133000 0.092443
0.133100 0.091948
0.133200 0.091455
0.133300 0.090963
0.133400 0.090473
0.133500 0.089985
0.133600 0.089498
0.133700 0.089013
0.133800 0.088530
0.133900 0.088049
0.134000 0.087569
0.134100 0.087091
0.134200 0.086615
0.134300 0.086141
0.134400 0.085668
0.134500 0.085197
0.134600 0.084728
0.134700 0.084260
0.134800 0.083795
0.134900 0.083331
0.135000 0.082869
0.135100 0.082408
0.135200 0.081950
0.135300 0.081493
0.135400 0.081038
0.135500 0.080585
0.135600 0.080133
0.135700 0.079684
0.135800 0.079236
0.135900 0.078790
0.136000 0.078346
0.136100 0.077903
0.136200 0.077463
0.136300 0.077024
0.136400 0.076587
0.136500 0.076152
0.136600 0.075719
0.136700 0.075287
0.136800 0.074858
0.136900 0.074430
0.137000 0.074004
0.137100 0.073580
0.137200 0.073158
0.137300 0.072737
0.137400 0.072319
0.137500 0.071902
0.137600 0.071488
0.137700 0.071075
0.137800 0.070664
0.137900 0.070255
0.138000 0.069848
0.138100 0.069442
0.138200 0.069039
0.138300 0.068637
0.138400 0.068238
0.138500 0.067840
0.138600 0.067444
0.138700 0.067051
0.138800 0.066659
0.138900 0.066269
0.139000 0.065881
0.139100 0.065494
0.139200 0.065110
0.139300 0.064728
0.139400 0.064347
0.139500 0.063969
0.139600 0.063592
0.139700 0.063218
0.139800 0.062845
0.139900 0.062475
0.140000 0.062106
0.140100 0.061739
0.140200 0.061375
0.140300 0.061012
0.140400 0.060651
0.140500 0.060292
0.140600 0.059935
0.140700 0.059580
0.140800 0.059228
0.140900 0.058877
0.141000 0.058528
0.141100 0.058181
0.141200 0.057836
0.141300 0.057493
0.141400 0.057152
0.141500 0.056813
0.141600 0.056476
0.141700 0.056141
0.141800 0.055808
0.141900 0.055477
0.142000 0.055149
0.142100 0.054822
0.142200 0.054497
0.142300 0.054174
0.142400 0.053854
0.142500 0.053535
0.142600 0.053218
0.142700 0.052904
0.142800 0.052591
0.142900 0.052280
0.143000 0.051972
0.143100 0.051666
0.143200 0.051361
0.143300 0.051059
0.143400 0.050759
0.143500 0.050460
0.143600 0.050164
0.143700 0.049870
0.143800 0.049578
0.143900 0.049288
0.144000 0.049000
0.144100 0.048715
0.144200 0.048431
0.144300 0.048149
0.144400 0.047870
0.144500 0.047593
0.144600 0.047317
0.144700 0.047044
0.144800 0.046773
0.144900 0.046504
0.145000 0.046237
0.145100 0.045972
0.145200 0.045709
0.145300 0.045449
0.145400 0.045190
0.145500 0.044934
0.145600 0.044680
0.145700 0.044427
0.145800 0.044177
0.145900 0.043929
0.146000 0.043684
0.146100 0.043440
0.146200 0.043198
0.146300 0.042959
0.146400 0.042722
0.146500 0.042487
0.146600 0.042254
0.146700 0.042023
0.146800 0.041794
0.146900 0.041567
0.147000 0.041343
0.147100 0.041121
0.147200 0.040901
0.147300 0.040683
0.147400 0.040467
0.147500 0.040253
0.147600 0.040042
0.147700 0.039832
0.147800 0.039625
0.147900 0.039420
0.148000 0.039217
0.148100 0.039017
0.148200 0.038818
0.148300 0.038622
0.148400 0.038428
0.148500 0.038236
0.148600 0.038046
0.148700 0.037858
0.148800 0.037673
0.148900 0.037489
0.149000 0.037308
0.149100 0.037129
0.149200 0.036953
0.149300 0.036778
0.149400 0.036606
0.149500 0.036435
0.149600 0.036267
0.149700 0.036102
0.149800 0.035938
0.149900 0.035777
0.150000 0.035617
0.150100 0.035460
0.150200 0.035306
0.150300 0.035153
0.150400 0.035003
0.150500 0.034855
0.150600 0.034709
0.150700 0.034565
0.150800 0.034423
0.150900 0.034284
0.151000 0.034147
0.151100 0.034012
0.151200 0.033879
0.151300 0.033749
0.151400 0.033620
0.151500 0.033494
0.151600 0.033370
0.151700 0.033249
0.151800 0.033129
0.151900 0.033012
0.152000 0.032897
0.152100 0.032784
0.152200 0.032674
0.152300 0.032566
0.152400 0.032460
0.152500 0.032356
0.152600 0.032254
0.152700 0.032155
0.152800 0.032058
0.152900 0.031963
0.153000 0.031870
0.153100 0.031780
0.153200 0.031691
0.153300 0.031605
0.153400 0.031522
0.153500 0.031440
0.153600 0.031361
0.153700 0.031284
0.153800 0.031209
0.153900 0.031137
0.154000 0.031066
0.154100 0.030998
0.154200 0.030932
0.154300 0.030869
0.154400 0.030807
0.154500 0.030748
0.154600 0.030691
0.154700 0.030637
0.154800 0.030584
0.154900 0.030534
0.155000 0.030486
0.155100 0.030441
0.155200 0.030397
0.155300 0.030356
0.155400 0.030317
0.155500 0.030281
0.155600 0.030246
0.155700 0.030214
0.155800 0.030184
0.155900 0.030157
0.156000 0.030131
0.156100 0.030108
0.156200 0.030087
0.156300 0.030068
0.156400 0.030052
0.156500 0.030038
0.156600 0.030026
0.156700 0.030016
0.156800 0.030009
0.156900 0.030004
0.157000 0.030001
0.157100 0.030000
0.157200 0.030002
0.157300 0.030005
0.157400 0.030012
0.157500 0.030020
0.157600 0.030030
0.157700 0.030043
0.157800 0.030058
0.157900 0.030076
0.158000 0.030095
0.158100 0.030117
0.158200 0.030141
0.158300 0.030168
0.158400 0.030196
0.158500 0.030227
0.158600 0.030260
0.158700 0.030295
0.158800 0.030333
0.158900 0.030373
0.159000 0.030415
0.159100 0.030459
0.159200 0.030506
0.159300 0.030554
0.159400 0.030605
0.159500 0.030659
0.159600 0.030714
0.159700 0.030772
0.159800 0.030832
0.159900 0.030894
0.160000 0.030959
0.160100 0.031026
0.160200 0.031095
0.160300 0.031166
0.160400 0.031239
0.160500 0.031315
0.160600 0.031393
0.160700 0.031473
0.160800 0.031556
0.160900 0.031640
0.161000 0.031727
0.161100 0.031816
0.161200 0.031908
0.161300 0.032001
0.161400 0.032097
0.161500 0.032195
0.161600 0.032295
0.161700 0.032398
0.161800 0.032503
0.161900 0.032609
0.162000 0.032719
0.162100 0.032830
0.162200 0.032944
0.162300 0.033060
0.162400 0.033178
0.162500 0.033298
0.162600 0.033421
0.162700 0.033545
0.162800 0.033672
0.162900 0.033801
0.163000 0.033933
0.163100 0.034066
0.163200 0.034202
0.163300 0.034340
0.163400 0.034481
0.163500 0.034623
0.163600 0.034768
0.163700 0.034915
0.163800 0.035064
0.163900 0.035215
0.164000 0.035368
0.164100 0.035524
0.164200 0.035682
0.164300 0.035842
0.164400 0.036004
0.164500 0.036169
0.164600 0.036336
0.164700 0.036504
0.164800 0.036676
0.164900 0.036849
0.165000 0.037024
0.165100 0.037202
0.165200 0.037382
0.165300 0.037564
0.165400 0.037748
0.165500 0.037934
0.165600 0.038123
0.165700 0.038313
0.165800 0.038506
0.165900 0.038701
0.166000 0.038899
0.166100 0.039098
0.166200 0.039300
0.166300 0.039503
0.166400 0.039709
0.166500 0.039917
0.166600 0.040128
0.166700 0.040340
0.166800 0.040555
0.166900 0.040771
0.167000 0.040990
0.167100 0.041211
0.167200 0.041434
0.167300 0.041660
0.167400 0.041887
0.167500 0.042117
0.167600 0.042348
0.167700 0.042582
0.167800 0.042818
0.167900 0.043056
0.168000 0.043297
0.168100 0.043539
0.168200 0.043783
0.168300 0.044030
0.168400 0.044279
0.168500 0.044530
0.168600 0.044783
0.168700 0.045038
0.168800 0.045295
0.168900 0.045555
0.169000 0.045816
0.169100 0.046080
0.169200 0.046345
0.169300 0.046613
0.169400 0.046883
0.169500 0.047155
0.169600 0.047429
0.169700 0.047705
0.169800 0.047984
0.169900 0.048264
0.170000 0.048546
0.170100 0.048831
0.170200 0.049117
0.170300 0.049406
0.170400 0.049697
0.170500 0.049990
0.170600 0.050285
0.170700 0.050582
0.170800 0.050881
0.170900 0.051182
0.171000 0.051485
0.171100 0.051790
0.171200 0.052097
0.171300 0.052407
0.171400 0.052718
0.171500 0.053031
0.171600 0.053347
0.171700 0.053664
0.171800 0.053984
0.171900 0.054305
0.172000 0.054629
0.172100 0.054955
0.172200 0.055282
0.172300 0.055612
0.172400 0.055944
0.172500 0.056277
0.172600 0.056613
0.172700 0.056951
0.172800 0.057291
0.172900 0.057632
0.173000 0.057976
0.173100 0.058322
0.173200 0.058670
0.173300 0.059019
0.173400 0.059371
0.173500 0.059725
0.173600 0.060080
0.173700 0.060438
0.173800 0.060798
0.173900 0.061159
0.174000 0.061523
0.174100 0.061888
0.174200 0.062256
0.174300 0.062625
0.174400 0.062997
0.174500 0.063370
0.174600 0.063746
0.174700 0.064123
0.174800 0.064502
0.174900 0.064883
0.175000 0.065266
0.175100 0.065651
0.175200 0.066038
0.175300 0.066427
0.175400 0.066818
0.175500 0.067211
0.175600 0.067605
0.175700 0.068002
0.175800 0.068400
0.175900 0.068801
0.176000 0.069203
0.176100 0.069607
0.176200 0.070013
0.176300 0.070421
0.176400 0.070831
0.176500 0.071243
0.176600 0.071656
0.176700 0.072072
0.176800 0.072489
0.176900 0.072908
0.177000 0.073329
0.177100 0.073752
0.177200 0.074177
0.177300 0.074604
0.177400 0.075032
0.177500 0.075463
0.177600 0.075895
0.177700 0.076329
0.177800 0.076765
0.177900 0.077202
0.178000 0.077642
0.178100 0.078083
0.178200 0.078526
0.178300 0.078971
0.178400 0.079418
0.178500 0.079867
0.178600 0.080317
0.178700 0.080769
0.178800 0.081223
0.178900 0.081679
0.179000 0.082136
0.179100 0.082596
0.179200 0.083057
0.179300 0.083520
0.179400 0.083984
0.179500 0.084451
0.179600 0.084919
0.179700 0.085389
0.179800 0.085860
0.179900 0.086334
0.180000 0.086809
0.180100 0.087286
0.180200 0.087764
0.180300 0.088245
0.180400 0.088727
0.180500 0.089211
0.180600 0.089696
0.180700 0.090183
0.180800 0.090672
0.180900 0.091163
0.181000 0.091655
0.181100 0.092149
0.181200 0.092645
0.181300 0.093142
0.181400 0.093642
0.181500 0.094142
0.181600 0.094645
0.181700 0.095149
0.181800 0.095655
0.181900 0.096162
0.182000 0.096671
0.182100 0.097182
0.182200 0.097694
0.182300 0.098208
0.182400 0.098724
0.182500 0.099241
0.182600 0.099760
0.182700 0.100281
0.182800 0.100803
0.182900 0.101327
0.183000 0.101852
0.183100 0.102379
0.183200 0.102908
0.183300 0.103438
0.183400 0.103970
0.183500 0.104503
0.183600 0.105038
0.183700 0.105574
0.183800 0.106112
0.183900 0.106652
0.184000 0.107193
0.184100 0.107736
0.184200 0.108280
0.184300 0.108826
0.184400 0.109374
0.184500 0.109923
0.184600 0.110473
0.184700 0.111025
0.184800 0.111578
0.184900 0.112134
0.185000 0.112690
0.185100 0.113248
0.185200 0.113808
0.185300 0.114369
0.185400 0.114931
0.185500 0.115495
0.185600 0.116061
0.185700 0.116628
0.185800 0.117196
0.185900 0.117766
0.186000 0.118337
0.186100 0.118910
0.186200 0.119484
0.186300 0.120060
0.186400 0.120637
0.186500 0.121216
0.186600 0.121796
0.186700 0.122377
0.186800 0.122960
0.186900 0.123544
0.187000 0.124130
0.187100 0.124717
0.187200 0.125306
0.187300 0.125896
0.187400 0.126487
0.187500 0.127079
0.187600 0.127673
0.187700 0.128269
0.187800 0.128866
0.187900 0.129464
0.188000 0.130063
0.188100 0.130664
0.188200 0.131266
0.188300 0.131870
0.188400 0.132474
0.188500 0.133081
0.188600 0.133688
0.188700 0.134297
0.188800 0.134907
0.188900 0.135518
0.189000 0.136131
0.189100 0.136745
0.189200 0.137360
0.189300 0.137977
0.189400 0.138595
0.189500 0.139214
0.189600 0.139834
0.189700 0.140456
0.189800 0.141079
0.189900 0.141703
0.190000 0.142329
0.190100 0.142955
0.190200 0.143583
0.190300 0.144212
0.190400 0.144843
0.190500 0.145474
0.190600 0.146107
0.190700 0.146741
0.190800 0.147376
0.190900 0.148012
0.191000 0.148650
0.191100 0.149289
0.191200 0.149929
0.191300 0.150570
0.191400 0.151212
0.191500 0.151855
0.191600 0.152500
0.191700 0.153146
0.191800 0.153792
0.191900 0.154440
0.192000 0.155090
0.192100 0.155740
0.192200 0.156391
0.192300 0.157044
0.192400 0.157697
0.192500 0.158352
0.192600 0.159008
0.192700 0.159664
0.192800 0.160322
0.192900 0.160981
0.193000 0.161642
0.193100 0.162303
0.193200 0.162965
0.193300 0.163628
0.193400 0.164292
0.193500 0.164958
0.193600 0.165624
0.193700 0.166292
0.193800 0.166960
0.193900 0.167630
0.194000 0.168300
0.194100 0.168971
0.194200 0.169644
0.194300 0.170317
0.194400 0.170992
0.194500 0.171667
0.194600 0.172344
0.194700 0.173021
0.194800 0.173699
0.194900 0.174379
0.195000 0.175059
0.195100 0.175740
0.195200 0.176422
0.195300 0.177105
0.195400 0.177789
0.195500 0.178474
0.195600 0.179160
0.195700 0.179847
0.195800 0.180534
0.195900 0.181223
0.196000 0.181912
0.196100 0.182603
0.196200 0.183294
0.196300 0.183986
0.196400 0.184679
0.196500 0.185373
0.196600 0.186067
0.196700 0.186763
0.196800 0.187459
0.196900 0.188156
0.197000 0.188854
0.197100 0.189553
0.197200 0.190253
0.197300 0.190953
0.197400 0.191654
0.197500 0.192356
0.197600 0.193059
0.197700 0.193763
0.197800 0.194467
0.197900 0.195172
0.198000 0.195878
0.198100 0.196585
0.198200 0.197292
0.198300 0.198000
0.198400 0.198709
0.198500 0.199419
0.198600 0.200129
0.198700 0.200840
0.198800 0.201552
0.198900 0.202264
0.199000 0.202977
0.199100 0.203691
0.199200 0.204406
0.199300 0.205121
0.199400 0.205837
0.199500 0.206553
0.199600 0.207271
0.199700 0.207989
0.199800 0.208707
0.199900 0.209426
0.200000 0.210146
0.200100 0.210867
0.200200 0.211588
0.200300 0.212309
0.200400 0.213032
0.200500 0.213754
0.200600 0.214478
0.200700 0.215202
0.200800 0.215927
0.200900 0.216652
0.201000 0.217378
0.201100 0.218104
0.201200 0.218831
0.201300 0.219559
0.201400 0.220287
0.201500 0.221015
0.201600 0.221744
0.201700 0.222474
0.201800 0.223204
0.201900 0.223935
0.202000 0.224666
0.202100 0.225397
0.202200 0.226130
0.202300 0.226862
0.202400 0.227595
0.202500 0.228329
0.202600 0.229063
0.202700 0.229797
0.202800 0.230532
0.202900 0.231268
0.203000 0.232004
0.203100 0.232740
0.203200 0.233476
0.203300 0.234214
0.203400 0.234951
0.203500 0.235689
0.203600 0.236427
0.203700 0.237166
0.203800 0.237905
0.203900 0.238645
0.204000 0.239384
0.204100 0.240125
0.204200 0.240865
0.204300 0.241606
0.204400 0.242347
0.204500 0.243089
0.204600 0.243831
0.204700 0.244573
0.204800 0.245316
0.204900 0.246059
0.205000 0.246802
0.205100 0.247546
0.205200 0.248289
0.205300 0.249033
0.205400 0.249778
0.205500 0.250522
0.205600 0.251267
0.205700 0.252012
0.205800 0.252758
0.205900 0.253504
0.206000 0.254249
0.206100 0.254996
0.206200 0.255742
0.206300 0.256488
0.206400 0.257235
0.206500 0.257982
0.206600 0.258729
0.206700 0.259477
0.206800 0.260224
0.206900 0.260972
0.207000 0.261720
0.207100 0.262468
0.207200 0.263216
0.207300 0.263965
0.207400 0.264713
0.207500 0.265462
0.207600 0.266211
0.207700 0.266960
0.207800 0.267709
0.207900 0.268458
0.208000 0.269207
0.208100 0.269956
0.208200 0.270706
0.208300 0.271455
0.208400 0.272205
0.208500 0.272955
0.208600 0.273704
0.208700 0.274454
0.208800 0.275204
0.208900 0.275954
0.209000 0.276704
0.209100 0.277454
0.209200 0.278204
0.209300 0.278954
0.209400 0.279704
0.209500 0.280454
0.209600 0.281204
0.209700 0.281954
0.209800 0.282704
0.209900 0.283454
0.210000 0.284203
0.210100 0.284953
0.210200 0.285703
0.210300 0.286453
0.210400 0.287203
0.210500 0.287952
0.210600 0.288702
0.210700 0.289451
0.210800 0.290201
0.210900 0.290950
0.211000 0.291699
0.211100 0.292449
0.211200 0.293198
0.211300 0.293946
0.211400 0.294695
0.211500 0.295444
0.211600 0.296192
0.211700 0.296941
0.211800 0.297689
0.211900 0.298437
0.212000 0.299185
0.212100 0.299932
0.212200 0.300680
0.212300 0.301427
0.212400 0.302174
0.212500 0.302921
0.212600 0.303668
0.212700 0.304415
0.212800 0.305161
0.212900 0.305907
0.213000 0.306653
0.213100 0.307399
0.213200 0.308144
0.213300 0.308889
0.213400 0.309634
0.213500 0.310378
0.213600 0.311123
0.213700 0.311867
0.213800 0.312610
0.213900 0.313354
0.214000 0.314097
0.214100 0.314840
0.214200 0.315582
0.214300 0.316325
0.214400 0.317067
0.214500 0.317808
0.214600 0.318549
0.214700 0.319290
0.214800 0.320031
0.214900 0.320771
0.215000 0.321511
0.215100 0.322250
0.215200 0.322989
0.215300 0.323728
0.215400 0.324466
0.215500 0.325204
0.215600 0.325941
0.215700 0.326678
0.215800 0.327415
0.215900 0.328151
0.216000 0.328887
0.216100 0.329622
0.216200 0.330357
0.216300 0.331091
0.216400 0.331825
0.216500 0.332559
0.216600 0.333292
0.216700 0.334024
0.216800 0.334756
0.216900 0.335488
0.217000 0.336219
0.217100 0.336949
0.217200 0.337679
0.217300 0.338409
0.217400 0.339138
0.217500 0.339866
0.217600 0.340594
0.217700 0.341321
0.217800 0.342048
0.217900 0.342775
0.218000 0.343500
0.218100 0.344225
0.218200 0.344950
0.218300 0.345674
0.218400 0.346397
0.218500 0.347120
0.218600 0.347842
0.218700 0.348564
0.218800 0.349285
0.218900 0.350005
0.219000 0.350725
0.219100 0.351444
0.219200 0.352162
0.219300 0.352880
0.219400 0.353597
0.219500 0.354313
0.219600 0.355029
0.219700 0.355744
0.219800 0.356459
0.219900 0.357172
0.220000 0.357885
0.220100 0.358598
0.220200 0.359309
0.220300 0.360020
0.220400 0.360730
0.220500 0.361440
0.220600 0.362149
0.220700 0.362857
0.220800 0.363564
0.220900 0.364270
0.221000 0.364976
0.221100 0.365681
0.221200 0.366385
0.221300 0.367089
0.221400 0.367791
0.221500 0.368493
0.221600 0.369194
0.221700 0.369894
0.221800 0.370594
0.221900 0.371292
0.222000 0.371990
0.222100 0.372687
0.222200 0.373383
0.222300 0.374079
0.222400 0.374773
0.222500 0.375467
0.222600 0.376159
0.222700 0.376851
0.222800 0.377542
0.222900 0.378232
0.223000 0.378921
0.223100 0.379610
0.223200 0.380297
0.223300 0.380984
0.223400 0.381669
0.223500 0.382354
0.223600 0.383038
0.223700 0.383721
0.223800 0.384403
0.223900 0.385084
0.224000 0.385764
0.224100 0.386443
0.224200 0.387121
0.224300 0.387798
0.224400 0.388474
0.224500 0.389150
0.224600 0.389824
0.224700 0.390497
0.224800 0.391169
0.224900 0.391841
0.225000 0.392511
0.225100 0.393180
0.225200 0.393848
0.225300 0.394516
0.225400 0.395182
0.225500 0.395847
0.225600 0.396511
0.225700 0.397174
0.225800 0.397836
0.225900 0.398497
0.226000 0.399157
0.226100 0.399816
0.226200 0.400473
0.226300 0.401130
0.226400 0.401786
0.226500 0.402440
0.226600 0.403093
0.226700 0.403746
0.226800 0.404397
0.226900 0.405047
0.227000 0.405696
0.227100 0.406343
0.227200 0.406990
0.227300 0.407635
0.227400 0.408280
0.227500 0.408923
0.227600 0.409565
0.227700 0.410206
0.227800 0.410845
0.227900 0.411484
0.228000 0.412121
0.228100 0.412757
0.228200 0.413392
0.228300 0.414026
0.228400 0.414658
0.228500 0.415290
0.228600 0.415920
0.228700 0.416549
0.228800 0.417176
0.228900 0.417803
0.229000 0.418428
0.229100 0.419052
0.229200 0.419674
0.229300 0.420296
0.229400 0.420916
0.229500 0.421535
0.229600 0.422152
0.229700 0.422769
0.229800 0.423384
0.229900 0.423997
0.230000 0.424610
0.230100 0.425221
0.230200 0.425831
0.230300 0.426439
0.230400 0.427047
0.230500 0.427653
0.230600 0.428257
0.230700 0.428860
0.230800 0.429462
0.230900 0.430063
0.231000 0.430662
0.231100 0.431260
0.231200 0.431856
0.231300 0.432451
0.231400 0.433045
0.231500 0.433637
0.231600 0.434228
0.231700 0.434818
0.231800 0.435406
0.231900 0.435993
0.232000 0.436578
0.232100 0.437162
0.232200 0.437745
0.232300 0.438326
0.232400 0.438906
0.232500 0.439484
0.232600 0.440061
0.232700 0.440636
0.232800 0.441210
0.232900 0.441783
0.233000 0.442354
0.233100 0.442923
0.233200 0.443491
0.233300 0.444058
0.233400 0.444623
0.233500 0.445187
0.233600 0.445749
0.233700 0.446310
0.233800 0.446869
0.233900 0.447427
0.234000 0.447983
0.234100 0.448538
0.234200 0.449091
0.234300 0.449643
0.234400 0.450193
0.234500 0.450741
0.234600 0.451288
0.234700 0.451834
0.234800 0.452378
0.234900 0.452920
0.235000 0.453461
0.235100 0.454001
0.235200 0.454538
0.235300 0.455074
0.235400 0.455609
0.235500 0.456142
0.235600 0.456674
0.235700 0.457203
0.235800 0.457732
0.235900 0.458258
0.236000 0.458783
0.236100 0.459307
0.236200 0.459829
0.236300 0.460349
0.236400 0.460867
0.236500 0.461384
0.236600 0.461900
0.236700 0.462413
0.236800 0.462925
0.236900 0.463436
0.237000 0.463944
0.237100 0.464452
0.237200 0.464957
0.237300 0.465461
0.237400 0.465963
0.237500 0.466463
0.237600 0.466962
0.237700 0.467459
0.237800 0.467954
0.237900 0.468448
0.238000 0.468940
0.238100 0.469430
0.238200 0.469919
0.238300 0.470406
0.238400 0.470891
0.238500 0.471374
0.238600 0.471856
0.238700 0.472336
0.238800 0.472814
0.238900 0.473291
0.239000 0.473766
0.239100 0.474239
0.239200 0.474710
0.239300 0.475180
0.239400 0.475647
0.239500 0.476113
0.239600 0.476578
0.239700 0.477040
0.239800 0.477501
0.239900 0.477960
0.240000 0.478417
0.240100 0.478872
0.240200 0.479326
0.240300 0.479778
0.240400 0.480228
0.240500 0.480676
0.240600 0.481122
0.240700 0.481567
0.240800 0.482010
0.240900 0.482451
0.241000 0.482890
0.241100 0.483327
0.241200 0.483762
0.241300 0.484196
0.241400 0.484628
0.241500 0.485058
0.241600 0.485486
0.241700 0.485912
0.241800 0.486336
0.241900 0.486759
0.242000 0.487180
0.242100 0.487599
0.242200 0.488015
0.242300 0.488431
0.242400 0.488844
0.242500 0.489255
0.242600 0.489665
0.242700 0.490072
0.242800 0.490478
0.242900 0.490881
0.243000 0.491283
0.243100 0.491683
0.243200 0.492081
0.243300 0.492478
0.243400 0.492872
0.243500 0.493264
0.243600 0.493654
0.243700 0.494043
0.243800 0.494430
0.243900 0.494814
0.244000 0.495197
0.244100 0.495578
0.244200 0.495956
0.244300 0.496333
0.244400 0.496708
0.244500 0.497081
0.244600 0.497452
0.244700 0.497821
0.244800 0.498188
0.244900 0.498554
0.245000 0.498917
0.245100 0.499278
0.245200 0.499637
0.245300 0.499994
0.245400 0.500350
0.245500 0.500703
0.245600 0.501054
0.245700 0.501404
0.245800 0.501751
0.245900 0.502096
0.246000 0.502439
0.246100 0.502781
0.246200 0.503120
0.246300 0.503457
0.246400 0.503793
0.246500 0.504126
0.246600 0.504457
0.246700 0.504787
0.246800 0.505114
0.246900 0.505439
0.247000 0.505762
0.247100 0.506083
0.247200 0.506402
0.247300 0.506719
0.247400 0.507034
0.247500 0.507347
0.247600 0.507658
0.247700 0.507967
0.247800 0.508274
0.247900 0.508579
0.248000 0.508882
0.248100 0.509182
0.248200 0.509481
0.248300 0.509777
0.248400 0.510072
0.248500 0.510364
0.248600 0.510655
0.248700 0.510943
0.248800 0.511229
0.248900 0.511513
0.249000 0.511795
0.249100 0.512075
0.249200 0.512353
0.249300 0.512629
0.249400 0.512902
0.249500 0.513174
0.249600 0.513443
0.249700 0.513711
0.249800 0.513976
0.249900 0.514239
0.250000 0.514500
0.250100 0.514759
0.250200 0.515016
0.250300 0.515270
0.250400 0.515523
0.250500 0.515773
0.250600 0.516022
0.250700 0.516268
0.250800 0.516512
0.250900 0.516754
0.251000 0.516994
0.251100 0.517232
0.251200 0.517467
0.251300 0.517701
0.251400 0.517932
0.251500 0.518161
0.251600 0.518388
0.251700 0.518613
0.251800 0.518835
0.251900 0.519056
0.252000 0.519274
0.252100 0.519491
0.252200 0.519705
0.252300 0.519917
0.252400 0.520126
0.252500 0.520334
0.252600 0.520540
0.252700 0.520743
0.252800 0.520944
0.252900 0.521143
0.253000 0.521340
0.253100 0.521534
0.253200 0.521727
0.253300 0.521917
0.253400 0.522105
0.253500 0.522291
0.253600 0.522475
0.253700 0.522656
0.253800 0.522836
0.253900 0.523013
0.254000 0.523188
0.254100 0.523361
0.254200 0.523531
0.254300 0.523700
0.254400 0.523866
0.254500 0.524030
0.254600 0.524192
0.254700 0.524351
0.254800 0.524509
0.254900 0.524664
0.255000 0.524817
0.255100 0.524968
0.255200 0.525116
0.255300 0.525263
0.255400 0.525407
0.255500 0.525549
0.255600 0.525689
0.255700 0.525826
0.255800 0.525962
0.255900 0.526095
0.256000 0.526226
0.256100 0.526355
0.256200 0.526481
0.256300 0.526605
0.256400 0.526727
0.256500 0.526847
0.256600 0.526965
0.256700 0.527080
0.256800 0.527193
0.256900 0.527304
0.257000 0.527413
0.257100 0.527520
0.257200 0.527624
0.257300 0.527726
0.257400 0.527826
0.257500 0.527923
0.257600 0.528019
0.257700 0.528112
0.257800 0.528203
0.257900 0.528291
0.258000 0.528378
0.258100 0.528462
0.258200 0.528544
0.258300 0.528624
0.258400 0.528701
0.258500 0.528776
0.258600 0.528849
0.258700 0.528920
0.258800 0.528989
0.258900 0.529055
0.259000 0.529119
0.259100 0.529181
0.259200 0.529240
0.259300 0.529298
0.259400 0.529353
0.259500 0.529405
0.259600 0.529456
0.259700 0.529504
0.259800 0.529550
0.259900 0.529594
0.260000 0.529636
0.260100 0.529675
0.260200 0.529712
0.260300 0.529747
0.260400 0.529780
0.260500 0.529810
0.260600 0.529838
0.260700 0.529864
0.260800 0.529888
0.260900 0.529909
0.261000 0.529928
0.261100 0.529945
0.261200 0.529960
0.261300 0.529972
0.261400 0.529982
0.261500 0.529990
0.261600 0.529996
0.261700 0.529999
0.261800 0.530000
0.261900 0.529999
0.262000 0.529995
0.262100 0.529990
0.262200 0.529982
0.262300 0.529972
0.262400 0.529959
0.262500 0.529945
0.262600 0.529928
0.262700 0.529909
0.262800 0.529887
0.262900 0.529864
0.263000 0.529838
0.263100 0.529810
0.263200 0.529779
0.263300 0.529747
0.263400 0.529712
0.263500 0.529675
0.263600 0.529635
0.263700 0.529594
0.263800 0.529550
0.263900 0.529504
0.264000 0.529455
0.264100 0.529405
0.264200 0.529352
0.264300 0.529297
0.264400 0.529240
0.264500 0.529180
0.264600 0.529118
0.264700 0.529054
0.264800 0.528988
0.264900 0.528919
0.265000 0.528848
0.265100 0.528775
0.265200 0.528700
0.265300 0.528623
0.265400 0.528543
0.265500 0.528461
0.265600 0.528377
0.265700 0.528290
0.265800 0.528202
0.265900 0.528111
0.266000 0.528018
0.266100 0.527922
0.266200 0.527825
0.266300 0.527725
0.266400 0.527623
0.266500 0.527518
0.266600 0.527412
0.266700 0.527303
0.266800 0.527192
0.266900 0.527079
0.267000 0.526963
0.267100 0.526846
0.267200 0.526726
0.267300 0.526604
0.267400 0.526480
0.267500 0.526353
0.267600 0.526224
0.267700 0.526093
0.267800 0.525960
0.267900 0.525825
0.268000 0.525687
0.268100 0.525547
0.268200 0.525405
0.268300 0.525261
0.268400 0.525115
0.268500 0.524966
0.268600 0.524815
0.268700 0.524662
0.268800 0.524507
0.268900 0.524349
0.269000 0.524190
0.269100 0.524028
0.269200 0.523864
0.269300 0.523698
0.269400 0.523529
0.269500 0.523358
0.269600 0.523186
0.269700 0.523011
0.269800 0.522833
0.269900 0.522654
0.270000 0.522472
0.270100 0.522289
0.270200 0.522103
0.270300 0.521915
0.270400 0.521724
0.270500 0.521532
0.270600 0.521337
0.270700 0.521140
0.270800 0.520941
0.270900 0.520740
0.271000 0.520537
0.271100 0.520332
0.271200 0.520124
0.271300 0.519914
0.271400 0.519702
0.271500 0.519488
0.271600 0.519272
0.271700 0.519053
0.271800 0.518833
0.271900 0.518610
0.272000 0.518385
0.272100 0.518158
0.272200 0.517929
0.272300 0.517698
0.272400 0.517464
0.272500 0.517229
0.272600 0.516991
0.272700 0.516751
0.272800 0.516509
0.272900 0.516265
0.273000 0.516019
0.273100 0.515770
0.273200 0.515520
0.273300 0.515267
0.273400 0.515013
0.273500 0.514756
0.273600 0.514497
0.273700 0.514236
0.273800 0.513973
0.273900 0.513707
0.274000 0.513440
0.274100 0.513170
0.274200 0.512899
0.274300 0.512625
0.274400 0.512349
0.274500 0.512072
0.274600 0.511792
0.274700 0.511510
0.274800 0.511226
0.274900 0.510939
0.275000 0.510651
0.275100 0.510361
0.275200 0.510068
0.275300 0.509774
0.275400 0.509477
0.275500 0.509179
0.275600 0.508878
0.275700 0.508575
0.275800 0.508270
0.275900 0.507964
0.276000 0.507655
0.276100 0.507344
0.276200 0.507031
0.276300 0.506716
0.276400 0.506398
0.276500 0.506079
0.276600 0.505758
0.276700 0.505435
0.276800 0.505110
0.276900 0.504783
0.277000 0.504453
0.277100 0.504122
0.277200 0.503789
0.277300 0.503453
0.277400 0.503116
0.277500 0.502777
0.277600 0.502435
0.277700 0.502092
0.277800 0.501747
0.277900 0.501399
0.278000 0.501050
0.278100 0.500699
0.278200 0.500345
0.278300 0.499990
0.278400 0.499633
0.278500 0.499273
0.278600 0.498912
0.278700 0.498549
0.278800 0.498184
0.278900 0.497817
0.279000 0.497448
0.279100 0.497077
0.279200 0.496704
0.279300 0.496329
0.279400 0.495952
0.279500 0.495573
0.279600 0.495192
0.279700 0.494809
0.279800 0.494425
0.279900 0.494038
0.280000 0.493650
0.280100 0.493259
0.280200 0.492867
0.280300 0.492473
0.280400 0.492077
0.280500 0.491678
0.280600 0.491278
0.280700 0.490877
0.280800 0.490473
0.280900 0.490067
0.281000 0.489660
0.281100 0.489250
0.281200 0.488839
0.281300 0.488425
0.281400 0.488010
0.281500 0.487593
0.281600 0.487175
0.281700 0.486754
0.281800 0.486331
0.281900 0.485907
0.282000 0.485481
0.282100 0.485052
0.282200 0.484623
0.282300 0.484191
0.282400 0.483757
0.282500 0.483322
0.282600 0.482884
0.282700 0.482445
0.282800 0.482004
0.282900 0.481561
0.283000 0.481117
0.283100 0.480670
0.283200 0.480222
0.283300 0.479772
0.283400 0.479320
0.283500 0.478867
0.283600 0.478411
0.283700 0.477954
0.283800 0.477495
0.283900 0.477035
0.284000 0.476572
0.284100 0.476108
0.284200 0.475642
0.284300 0.475174
0.284400 0.474704
0.284500 0.474233
0.284600 0.473760
0.284700 0.473285
0.284800 0.472809
0.284900 0.472330
0.285000 0.471850
0.285100 0.471369
0.285200 0.470885
0.285300 0.470400
0.285400 0.469913
0.285500 0.469424
0.285600 0.468934
0.285700 0.468442
0.285800 0.467948
0.285900 0.467453
0.286000 0.466956
0.286100 0.466457
0.286200 0.465957
0.286300 0.465455
0.286400 0.464951
0.286500 0.464445
0.286600 0.463938
0.286700 0.463430
0.286800 0.462919
0.286900 0.462407
0.287000 0.461893
0.287100 0.461378
0.287200 0.460861
0.287300 0.460342
0.287400 0.459822
0.287500 0.459300
0.287600 0.458777
0.287700 0.458252
0.287800 0.457725
0.287900 0.457197
0.288000 0.456667
0.288100 0.456136
0.288200 0.455603
0.288300 0.455068
0.288400 0.454532
0.288500 0.453994
0.288600 0.453455
0.288700 0.452914
0.288800 0.452371
0.288900 0.451827
0.289000 0.451282
0.289100 0.450735
0.289200 0.450186
0.289300 0.449636
0.289400 0.449084
0.289500 0.448531
0.289600 0.447976
0.289700 0.447420
0.289800 0.446862
0.289900 0.446303
0.290000 0.445742
0.290100 0.445180
0.290200 0.444616
0.290300 0.444051
0.290400 0.443484
0.290500 0.442916
0.290600 0.442347
0.290700 0.441776
0.290800 0.441203
0.290900 0.440629
0.291000 0.440054
0.291100 0.439477
0.291200 0.438899
0.291300 0.438319
0.291400 0.437738
0.291500 0.437155
0.291600 0.436571
0.291700 0.435986
0.291800 0.435399
0.291900 0.434811
0.292000 0.434221
0.292100 0.433630
0.292200 0.433038
0.292300 0.432444
0.292400 0.431849
0.292500 0.431252
0.292600 0.430655
0.292700 0.430055
0.292800 0.429455
0.292900 0.428853
0.293000 0.428250
0.293100 0.427645
0.293200 0.427039
0.293300 0.426432
0.293400 0.425823
0.293500 0.425214
0.293600 0.424602
0.293700 0.423990
0.293800 0.423376
0.293900 0.422761
0.294000 0.422145
0.294100 0.421527
0.294200 0.420908
0.294300 0.420288
0.294400 0.419667
0.294500 0.419044
0.294600 0.418420
0.294700 0.417795
0.294800 0.417169
0.294900 0.416541
0.295000 0.415912
0.295100 0.415282
0.295200 0.414651
0.295300 0.414018
0.295400 0.413384
0.295500 0.412750
0.295600 0.412113
0.295700 0.411476
0.295800 0.410838
0.295900 0.410198
0.296000 0.409557
0.296100 0.408915
0.296200 0.408272
0.296300 0.407628
0.296400 0.406982
0.296500 0.406335
0.296600 0.405688
0.296700 0.405039
0.296800 0.404389
0.296900 0.403738
0.297000 0.403085
0.297100 0.402432
0.297200 0.401778
0.297300 0.401122
0.297400 0.400465
0.297500 0.399808
0.297600 0.399149
0.297700 0.398489
0.297800 0.397828
0.297900 0.397166
0.298000 0.396503
0.298100 0.395839
0.298200 0.395174
0.298300 0.394508
0.298400 0.393840
0.298500 0.393172
0.298600 0.392503
0.298700 0.391833
0.298800 0.391161
0.298900 0.390489
0.299000 0.389816
0.299100 0.389141
0.299200 0.388466
0.299300 0.387790
0.299400 0.387113
0.299500 0.386435
0.299600 0.385756
0.299700 0.385075
0.299800 0.384394
0.299900 0.383713
0.300000 0.383030
0.300100 0.382346
0.300200 0.381661
0.300300 0.380975
0.300400 0.380289
0.300500 0.379601
0.300600 0.378913
0.300700 0.378224
0.300800 0.377534
0.300900 0.376843
0.301000 0.376151
0.301100 0.375458
0.301200 0.374764
0.301300 0.374070
0.301400 0.373375
0.301500 0.372679
0.301600 0.371982
0.301700 0.371284
0.301800 0.370585
0.301900 0.369886
0.302000 0.369185
0.302100 0.368484
0.302200 0.367783
0.302300 0.367080
0.302400 0.366377
0.302500 0.365672
0.302600 0.364967
0.302700 0.364262
0.302800 0.363555
0.302900 0.362848
0.303000 0.362140
0.303100 0.361431
0.303200 0.360722
0.303300 0.360011
0.303400 0.359301
0.303500 0.358589
0.303600 0.357877
0.303700 0.357164
0.303800 0.356450
0.303900 0.355735
0.304000 0.355020
0.304100 0.354305
0.304200 0.353588
0.304300 0.352871
0.304400 0.352153
0.304500 0.351435
0.304600 0.350716
0.304700 0.349996
0.304800 0.349276
0.304900 0.348555
0.305000 0.347833
0.305100 0.347111
0.305200 0.346388
0.305300 0.345665
0.305400 0.344941
0.305500 0.344216
0.305600 0.343491
0.305700 0.342766
0.305800 0.342039
0.305900 0.341313
0.306000 0.340585
0.306100 0.339857
0.306200 0.339129
0.306300 0.338400
0.306400 0.337670
0.306500 0.336940
0.306600 0.336210
0.306700 0.335479
0.306800 0.334747
0.306900 0.334015
0.307000 0.333283
0.307100 0.332550
0.307200 0.331816
0.307300 0.331082
0.307400 0.330348
0.307500 0.329613
0.307600 0.328878
0.307700 0.328142
0.307800 0.327406
0.307900 0.326669
0.308000 0.325932
0.308100 0.325195
0.308200 0.324457
0.308300 0.323719
0.308400 0.322980
0.308500 0.322241
0.308600 0.321501
0.308700 0.320762
0.308800 0.320022
0.308900 0.319281
0.309000 0.318540
0.309100 0.317799
0.309200 0.317057
0.309300 0.316316
0.309400 0.315573
0.309500 0.314831
0.309600 0.314088
0.309700 0.313345
0.309800 0.312601
0.309900 0.311858
0.310000 0.311114
0.310100 0.310369
0.310200 0.309625
0.310300 0.308880
0.310400 0.308135
0.310500 0.307389
0.310600 0.306644
0.310700 0.305898
0.310800 0.305152
0.310900 0.304406
0.311000 0.303659
0.311100 0.302912
0.311200 0.302165
0.311300 0.301418
0.311400 0.300671
0.311500 0.299923
0.311600 0.299176
0.311700 0.298428
0.311800 0.297680
0.311900 0.296932
0.312000 0.296183
0.312100 0.295435
0.312200 0.294686
0.312300 0.293937
0.312400 0.293188
0.312500 0.292439
0.312600 0.291690
0.312700 0.290941
0.312800 0.290192
0.312900 0.289442
0.313000 0.288693
0.313100 0.287943
0.313200 0.287193
0.313300 0.286444
0.313400 0.285694
0.313500 0.284944
0.313600 0.284194
0.313700 0.283444
0.313800 0.282694
0.313900 0.281944
0.314000 0.281194
0.314100 0.280444
0.314200 0.279694
0.314300 0.278944
0.314400 0.278195
0.314500 0.277445
0.314600 0.276695
0.314700 0.275945
0.314800 0.275195
0.314900 0.274445
0.315000 0.273695
0.315100 0.272945
0.315200 0.272196
0.315300 0.271446
0.315400 0.270697
0.315500 0.269947
0.315600 0.269198
0.315700 0.268449
0.315800 0.267699
0.315900 0.266950
0.316000 0.266202
0.316100 0.265453
0.316200 0.264704
0.316300 0.263956
0.316400 0.263207
0.316500 0.262459
0.316600 0.261711
0.316700 0.260963
0.316800 0.260215
0.316900 0.259468
0.317000 0.258720
0.317100 0.257973
0.317200 0.257226
0.317300 0.256479
0.317400 0.255733
0.317500 0.254986
0.317600 0.254240
0.317700 0.253494
0.317800 0.252749
0.317900 0.252003
0.318000 0.251258
0.318100 0.250513
0.318200 0.249769
0.318300 0.249024
0.318400 0.248280
0.318500 0.247536
0.318600 0.246793
0.318700 0.246050
0.318800 0.245307
0.318900 0.244564
0.319000 0.243822
0.319100 0.243080
0.319200 0.242338
0.319300 0.241597
0.319400 0.240856
0.319500 0.240116
0.319600 0.239375
0.319700 0.238636
0.319800 0.237896
0.319900 0.237157
0.320000 0.236418
0.320100 0.235680
0.320200 0.234942
0.320300 0.234205
0.320400 0.233467
0.320500 0.232731
0.320600 0.231995
0.320700 0.231259
0.320800 0.230523
0.320900 0.229788
0.321000 0.229054
0.321100 0.228320
0.321200 0.227586
0.321300 0.226853
0.321400 0.226121
0.321500 0.225388
0.321600 0.224657
0.321700 0.223926
0.321800 0.223195
0.321900 0.222465
0.322000 0.221735
0.322100 0.221006
0.322200 0.220278
0.322300 0.219550
0.322400 0.218822
0.322500 0.218095
0.322600 0.217369
0.322700 0.216643
0.322800 0.215918
0.322900 0.215193
0.323000 0.214469
0.323100 0.213746
0.323200 0.213023
0.323300 0.212300
0.323400 0.211579
0.323500 0.210858
0.323600 0.210137
0.323700 0.209418
0.323800 0.208698
0.323900 0.207980
0.324000 0.207262
0.324100 0.206545
0.324200 0.205828
0.324300 0.205112
0.324400 0.204397
0.324500 0.203682
0.324600 0.202969
0.324700 0.202255
0.324800 0.201543
0.324900 0.200831
0.325000 0.200120
0.325100 0.199410
0.325200 0.198700
0.325300 0.197991
0.325400 0.197283
0.325500 0.196576
0.325600 0.195869
0.325700 0.195163
0.325800 0.194458
0.325900 0.193754
0.326000 0.193050
0.326100 0.192348
0.326200 0.191646
0.326300 0.190944
0.326400 0.190244
0.326500 0.189544
0.326600 0.188846
0.326700 0.188148
0.326800 0.187451
0.326900 0.186754
0.327000 0.186059
0.327100 0.185364
0.327200 0.184670
0.327300 0.183977
0.327400 0.183285
0.327500 0.182594
0.327600 0.181904
0.327700 0.181215
0.327800 0.180526
0.327900 0.179838
0.328000 0.179152
0.328100 0.178466
0.328200 0.177781
0.328300 0.177097
0.328400 0.176414
0.328500 0.175732
0.328600 0.175051
0.328700 0.174370
0.328800 0.173691
0.328900 0.173013
0.329000 0.172335
0.329100 0.171659
0.329200 0.170984
0.329300 0.170309
0.329400 0.169636
0.329500 0.168963
0.329600 0.168292
0.329700 0.167621
0.329800 0.166952
0.329900 0.166283
0.330000 0.165616
0.330100 0.164950
0.330200 0.164284
0.330300 0.163620
0.330400 0.162957
0.330500 0.162295
0.330600 0.161633
0.330700 0.160973
0.330800 0.160314
0.330900 0.159656
0.331000 0.159000
0.331100 0.158344
0.331200 0.157689
0.331300 0.157036
0.331400 0.156383
0.331500 0.155732
0.331600 0.155082
0.331700 0.154432
0.331800 0.153785
0.331900 0.153138
0.332000 0.152492
0.332100 0.151847
0.332200 0.151204
0.332300 0.150562
0.332400 0.149921
0.332500 0.149281
0.332600 0.148642
0.332700 0.148005
0.332800 0.147368
0.332900 0.146733
0.333000 0.146099
0.333100 0.145466
0.333200 0.144835
0.333300 0.144205
0.333400 0.143575
0.333500 0.142948
0.333600 0.142321
0.333700 0.141696
0.333800 0.141071
0.333900 0.140448
0.334000 0.139827
0.334100 0.139206
0.334200 0.138587
0.334300 0.137969
0.334400 0.137353
0.334500 0.136738
0.334600 0.136124
0.334700 0.135511
0.334800 0.134900
0.334900 0.134289
0.335000 0.133681
0.335100 0.133073
0.335200 0.132467
0.335300 0.131862
0.335400 0.131259
0.335500 0.130657
0.335600 0.130056
0.335700 0.129456
0.335800 0.128858
0.335900 0.128262
0.336000 0.127666
0.336100 0.127072
0.336200 0.126480
0.336300 0.125888
0.336400 0.125298
0.336500 0.124710
0.336600 0.124123
0.336700 0.123537
0.336800 0.122953
0.336900 0.122370
0.337000 0.121789
0.337100 0.121209
0.337200 0.120630
0.337300 0.120053
0.337400 0.119477
0.337500 0.118903
0.337600 0.118330
0.337700 0.117759
0.337800 0.117189
0.337900 0.116621
0.338000 0.116054
0.338100 0.115488
0.338200 0.114924
0.338300 0.114362
0.338400 0.113801
0.338500 0.113241
0.338600 0.112683
0.338700 0.112127
0.338800 0.111572
0.338900 0.111018
0.339000 0.110466
0.339100 0.109916
0.339200 0.109367
0.339300 0.108820
0.339400 0.108274
0.339500 0.107729
0.339600 0.107187
0.339700 0.106645
0.339800 0.106106
0.339900 0.105568
0.340000 0.105031
0.340100 0.104496
0.340200 0.103963
0.340300 0.103431
0.340400 0.102901
0.340500 0.102373
0.340600 0.101846
0.340700 0.101320
0.340800 0.100797
0.340900 0.100274
0.341000 0.099754
0.341100 0.099235
0.341200 0.098718
0.341300 0.098202
0.341400 0.097688
0.341500 0.097176
0.341600 0.096665
0.341700 0.096156
0.341800 0.095648
0.341900 0.095143
0.342000 0.094639
0.342100 0.094136
0.342200 0.093635
0.342300 0.093136
0.342400 0.092639
0.342500 0.092143
0.342600 0.091649
0.342700 0.091157
0.342800 0.090666
0.342900 0.090177
0.343000 0.089690
0.343100 0.089205
0.343200 0.088721
0.343300 0.088239
0.343400 0.087759
0.343500 0.087280
0.343600 0.086803
0.343700 0.086328
0.343800 0.085855
0.343900 0.085383
0.344000 0.084913
0.344100 0.084445
0.344200 0.083979
0.344300 0.083514
0.344400 0.083051
0.344500 0.082590
0.344600 0.082131
0.344700 0.081673
0.344800 0.081217
0.344900 0.080764
0.345000 0.080311
0.345100 0.079861
0.345200 0.079413
0.345300 0.078966
0.345400 0.078521
0.345500 0.078078
0.345600 0.077636
0.345700 0.077197
0.345800 0.076759
0.345900 0.076323
0.346000 0.075890
0.346100 0.075457
0.346200 0.075027
0.346300 0.074599
0.346400 0.074172
0.346500 0.073747
0.346600 0.073324
0.346700 0.072903
0.346800 0.072484
0.346900 0.072067
0.347000 0.071651
0.347100 0.071238
0.347200 0.070826
0.347300 0.070416
0.347400 0.070008
0.347500 0.069602
0.347600 0.069198
0.347700 0.068796
0.347800 0.068396
0.347900 0.067997
0.348000 0.067601
0.348100 0.067206
0.348200 0.066813
0.348300 0.066422
0.348400 0.066034
0.348500 0.065647
0.348600 0.065262
0.348700 0.064879
0.348800 0.064497
0.348900 0.064118
0.349000 0.063741
0.349100 0.063366
0.349200 0.062992
0.349300 0.062621
0.349400 0.062251
0.349500 0.061884
0.349600 0.061518
0.349700 0.061155
0.349800 0.060793
0.349900 0.060434
0.350000 0.060076
0.350100 0.059720
0.350200 0.059367
0.350300 0.059015
0.350400 0.058665
0.350500 0.058318
0.350600 0.057972
0.350700 0.057628
0.350800 0.057286
0.350900 0.056947
0.351000 0.056609
0.351100 0.056273
0.351200 0.055940
0.351300 0.055608
0.351400 0.055278
0.351500 0.054951
0.351600 0.054625
0.351700 0.054302
0.351800 0.053980
0.351900 0.053660
0.352000 0.053343
0.352100 0.053028
0.352200 0.052714
0.352300 0.052403
0.352400 0.052094
0.352500 0.051786
0.352600 0.051481
0.352700 0.051178
0.352800 0.050877
0.352900 0.050578
0.353000 0.050281
0.353100 0.049986
0.353200 0.049693
0.353300 0.049403
0.353400 0.049114
0.353500 0.048827
0.353600 0.048543
0.353700 0.048260
0.353800 0.047980
0.353900 0.047702
0.354000 0.047426
0.354100 0.047152
0.354200 0.046880
0.354300 0.046610
0.354400 0.046342
0.354500 0.046076
0.354600 0.045813
0.354700 0.045551
0.354800 0.045292
0.354900 0.045035
0.355000 0.044780
0.355100 0.044527
0.355200 0.044276
0.355300 0.044027
0.355400 0.043780
0.355500 0.043536
0.355600 0.043294
0.355700 0.043053
0.355800 0.042815
0.355900 0.042579
0.356000 0.042345
0.356100 0.042114
0.356200 0.041884
0.356300 0.041657
0.356400 0.041431
0.356500 0.041208
0.356600 0.040987
0.356700 0.040769
0.356800 0.040552
0.356900 0.040337
0.357000 0.040125
0.357100 0.039915
0.357200 0.039707
0.357300 0.039501
0.357400 0.039297
0.357500 0.039096
0.357600 0.038896
0.357700 0.038699
0.357800 0.038504
0.357900 0.038311
0.358000 0.038120
0.358100 0.037932
0.358200 0.037746
0.358300 0.037561
0.358400 0.037379
0.358500 0.037200
0.358600 0.037022
0.358700 0.036847
0.358800 0.036673
0.358900 0.036502
0.359000 0.036334
0.359100 0.036167
0.359200 0.036002
0.359300 0.035840
0.359400 0.035680
0.359500 0.035522
0.359600 0.035367
0.359700 0.035213
0.359800 0.035062
0.359900 0.034913
0.360000 0.034766
0.360100 0.034621
0.360200 0.034479
0.360300 0.034339
0.360400 0.034201
0.360500 0.034065
0.360600 0.033931
0.360700 0.033800
0.360800 0.033671
0.360900 0.033544
0.361000 0.033419
0.361100 0.033297
0.361200 0.033176
0.361300 0.033058
0.361400 0.032942
0.361500 0.032829
0.361600 0.032717
0.361700 0.032608
0.361800 0.032501
0.361900 0.032397
0.362000 0.032294
0.362100 0.032194
0.362200 0.032096
0.362300 0.032000
0.362400 0.031906
0.362500 0.031815
0.362600 0.031726
0.362700 0.031639
0.362800 0.031554
0.362900 0.031472
0.363000 0.031392
0.363100 0.031314
0.363200 0.031238
0.363300 0.031165
0.363400 0.031094
0.363500 0.031025
0.363600 0.030958
0.363700 0.030894
0.363800 0.030831
0.363900 0.030771
0.364000 0.030714
0.364100 0.030658
0.364200 0.030605
0.364300 0.030554
0.364400 0.030505
0.364500 0.030459
0.364600 0.030414
0.364700 0.030372
0.364800 0.030332
0.364900 0.030295
0.365000 0.030260
0.365100 0.030227
0.365200 0.030196
0.365300 0.030167
0.365400 0.030141
0.365500 0.030117
0.365600 0.030095
0.365700 0.030075
0.365800 0.030058
0.365900 0.030043
0.366000 0.030030
0.366100 0.030020
0.366200 0.030011
0.366300 0.030005
0.366400 0.030002
0.366500 0.030000
0.366600 0.030001
0.366700 0.030004
0.366800 0.030009
0.366900 0.030016
0.367000 0.030026
0.367100 0.030038
0.367200 0.030052
0.367300 0.030069
0.367400 0.030087
0.367500 0.030108
0.367600 0.030131
0.367700 0.030157
0.367800 0.030185
0.367900 0.030214
0.368000 0.030247
0.368100 0.030281
0.368200 0.030318
0.368300 0.030357
0.368400 0.030398
0.368500 0.030441
0.368600 0.030487
0.368700 0.030535
0.368800 0.030585
0.368900 0.030637
0.369000 0.030692
0.369100 0.030749
0.369200 0.030808
0.369300 0.030869
0.369400 0.030933
0.369500 0.030999
0.369600 0.031067
0.369700 0.031137
0.369800 0.031210
0.369900 0.031285
0.370000 0.031362
0.370100 0.031441
0.370200 0.031523
0.370300 0.031606
0.370400 0.031692
0.370500 0.031781
0.370600 0.031871
0.370700 0.031964
0.370800 0.032059
0.370900 0.032156
0.371000 0.032255
0.371100 0.032357
0.371200 0.032461
0.371300 0.032567
0.371400 0.032675
0.371500 0.032786
0.371600 0.032899
0.371700 0.033014
0.371800 0.033131
0.371900 0.033250
0.372000 0.033372
0.372100 0.033496
0.372200 0.033622
0.372300 0.033750
0.372400 0.033881
0.372500 0.034013
0.372600 0.034148
0.372700 0.034286
0.372800 0.034425
0.372900 0.034567
0.373000 0.034710
0.373100 0.034856
0.373200 0.035005
0.373300 0.035155
0.373400 0.035308
0.373500 0.035462
0.373600 0.035619
0.373700 0.035779
0.373800 0.035940
0.373900 0.036104
0.374000 0.036269
0.374100 0.036437
0.374200 0.036608
0.374300 0.036780
0.374400 0.036955
0.374500 0.037131
0.374600 0.037310
0.374700 0.037492
0.374800 0.037675
0.374900 0.037860
0.375000 0.038048
0.375100 0.038238
0.375200 0.038430
0.375300 0.038624
0.375400 0.038820
0.375500 0.039019
0.375600 0.039220
0.375700 0.039423
0.375800 0.039628
0.375900 0.039835
0.376000 0.040044
0.376100 0.040256
0.376200 0.040469
0.376300 0.040685
0.376400 0.040903
0.376500 0.041123
0.376600 0.041346
0.376700 0.041570
0.376800 0.041797
0.376900 0.042026
0.377000 0.042256
0.377100 0.042489
0.377200 0.042725
0.377300 0.042962
0.377400 0.043201
0.377500 0.043443
0.377600 0.043687
0.377700 0.043932
0.377800 0.044180
0.377900 0.044430
0.378000 0.044683
0.378100 0.044937
0.378200 0.045193
0.378300 0.045452
0.378400 0.045713
0.378500 0.045975
0.378600 0.046240
0.378700 0.046507
0.378800 0.046776
0.378900 0.047047
0.379000 0.047321
0.379100 0.047596
0.379200 0.047873
0.379300 0.048153
0.379400 0.048434
0.379500 0.048718
0.379600 0.049004
0.379700 0.049292
0.379800 0.049582
0.379900 0.049874
0.380000 0.050168
0.380100 0.050464
0.380200 0.050762
0.380300 0.051063
0.380400 0.051365
0.380500 0.051669
0.380600 0.051976
0.380700 0.052284
0.380800 0.052595
0.380900 0.052907
0.381000 0.053222
0.381100 0.053539
0.381200 0.053857
0.381300 0.054178
0.381400 0.054501
0.381500 0.054826
0.381600 0.055153
0.381700 0.055482
0.381800 0.055812
0.381900 0.056145
0.382000 0.056480
0.382100 0.056817
0.382200 0.057156
0.382300 0.057497
0.382400 0.057840
0.382500 0.058185
0.382600 0.058532
0.382700 0.058881
0.382800 0.059232
0.382900 0.059585
0.383000 0.059940
0.383100 0.060297
0.383200 0.060655
0.383300 0.061016
0.383400 0.061379
0.383500 0.061744
0.383600 0.062111
0.383700 0.062479
0.383800 0.062850
0.383900 0.063223
0.384000 0.063597
0.384100 0.063974
0.384200 0.064352
0.384300 0.064732
0.384400 0.065115
0.384500 0.065499
0.384600 0.065885
0.384700 0.066273
0.384800 0.066663
0.384900 0.067055
0.385000 0.067449
0.385100 0.067845
0.385200 0.068243
0.385300 0.068642
0.385400 0.069044
0.385500 0.069447
0.385600 0.069853
0.385700 0.070260
0.385800 0.070669
0.385900 0.071080
0.386000 0.071493
0.386100 0.071907
0.386200 0.072324
0.386300 0.072743
0.386400 0.073163
0.386500 0.073585
0.386600 0.074009
0.386700 0.074435
0.386800 0.074863
0.386900 0.075292
0.387000 0.075724
0.387100 0.076157
0.387200 0.076592
0.387300 0.077029
0.387400 0.077468
0.387500 0.077909
0.387600 0.078351
0.387700 0.078795
0.387800 0.079241
0.387900 0.079689
0.388000 0.080139
0.388100 0.080590
0.388200 0.081043
0.388300 0.081499
0.388400 0.081955
0.388500 0.082414
0.388600 0.082874
0.388700 0.083336
0.388800 0.083800
0.388900 0.084266
0.389000 0.084734
0.389100 0.085203
0.389200 0.085674
0.389300 0.086146
0.389400 0.086621
0.389500 0.087097
0.389600 0.087575
0.389700 0.088055
0.389800 0.088536
0.389900 0.089019
0.390000 0.089504
0.390100 0.089991
0.390200 0.090479
0.390300 0.090969
0.390400 0.091461
0.390500 0.091954
0.390600 0.092449
0.390700 0.092946
0.390800 0.093444
0.390900 0.093944
0.391000 0.094446
0.391100 0.094950
0.391200 0.095455
0.391300 0.095961
0.391400 0.096470
0.391500 0.096980
0.391600 0.097492
0.391700 0.098005
0.391800 0.098520
0.391900 0.099037
0.392000 0.099555
0.392100 0.100075
0.392200 0.100596
0.392300 0.101120
0.392400 0.101644
0.392500 0.102171
0.392600 0.102699
0.392700 0.103228
0.392800 0.103759
0.392900 0.104292
0.393000 0.104826
0.393100 0.105362
0.393200 0.105900
0.393300 0.106439
0.393400 0.106979
0.393500 0.107521
0.393600 0.108065
0.393700 0.108610
0.393800 0.109157
0.393900 0.109705
0.394000 0.110255
0.394100 0.110807
0.394200 0.111360
0.394300 0.111914
0.394400 0.112470
0.394500 0.113027
0.394600 0.113586
0.394700 0.114147
0.394800 0.114709
0.394900 0.115272
0.395000 0.115837
0.395100 0.116403
0.395200 0.116971
0.395300 0.117541
0.395400 0.118111
0.395500 0.118684
0.395600 0.119257
0.395700 0.119832
0.395800 0.120409
0.395900 0.120987
0.396000 0.121567
0.396100 0.122147
0.396200 0.122730
0.396300 0.123313
0.396400 0.123899
0.396500 0.124485
0.396600 0.125073
0.396700 0.125662
0.396800 0.126253
0.396900 0.126845
0.397000 0.127439
0.397100 0.128033
0.397200 0.128630
0.397300 0.129227
0.397400 0.129826
0.397500 0.130426
0.397600 0.131028
0.397700 0.131631
0.397800 0.132235
0.397900 0.132841
0.398000 0.133448
0.398100 0.134056
0.398200 0.134666
0.398300 0.135277
0.398400 0.135889
0.398500 0.136502
0.398600 0.137117
0.398700 0.137733
0.398800 0.138351
0.398900 0.138969
0.399000 0.139589
0.399100 0.140210
0.399200 0.140833
0.399300 0.141456
0.399400 0.142081
0.399500 0.142708
0.399600 0.143335
0.399700 0.143964
0.399800 0.144593
0.399900 0.145224
0.400000 0.145857
0.400100 0.146490
0.400200 0.147125
0.400300 0.147761
0.400400 0.148398
0.400500 0.149036
0.400600 0.149676
0.400700 0.150316
0.400800 0.150958
0.400900 0.151601
0.401000 0.152245
0.401100 0.152890
0.401200 0.153537
0.401300 0.154184
0.401400 0.154833
0.401500 0.155483
0.401600 0.156134
0.401700 0.156786
0.401800 0.157439
0.401900 0.158093
0.402000 0.158748
0.402100 0.159405
0.402200 0.160062
0.402300 0.160721
0.402400 0.161381
0.402500 0.162041
0.402600 0.162703
0.402700 0.163366
0.402800 0.164030
0.402900 0.164695
0.403000 0.165361
0.403100 0.166028
0.403200 0.166696
0.403300 0.167365
0.403400 0.168035
0.403500 0.168706
0.403600 0.169378
0.403700 0.170051
0.403800 0.170725
0.403900 0.171400
0.404000 0.172076
0.404100 0.172753
0.404200 0.173431
0.404300 0.174110
0.404400 0.174790
0.404500 0.175471
0.404600 0.176153
0.404700 0.176835
0.404800 0.177519
0.404900 0.178204
0.405000 0.178889
0.405100 0.179575
0.405200 0.180263
0.405300 0.180951
0.405400 0.181640
0.405500 0.182330
0.405600 0.183021
0.405700 0.183712
0.405800 0.184405
0.405900 0.185098
0.406000 0.185793
0.406100 0.186488
0.406200 0.187184
0.406300 0.187881
0.406400 0.188578
0.406500 0.189277
0.406600 0.189976
0.406700 0.190676
0.406800 0.191377
0.406900 0.192079
0.407000 0.192781
0.407100 0.193484
0.407200 0.194189
0.407300 0.194893
0.407400 0.195599
0.407500 0.196305
0.407600 0.197012
0.407700 0.197720
0.407800 0.198429
0.407900 0.199138
0.408000 0.199848
0.408100 0.200559
0.408200 0.201270
0.408300 0.201983
0.408400 0.202696
0.408500 0.203409
0.408600 0.204123
0.408700 0.204838
0.408800 0.205554
0.408900 0.206270
0.409000 0.206987
0.409100 0.207705
0.409200 0.208423
0.409300 0.209142
0.409400 0.209862
0.409500 0.210582
0.409600 0.211303
0.409700 0.212024
0.409800 0.212746
0.409900 0.213469
0.410000 0.214192
0.410100 0.214916
0.410200 0.215640
0.410300 0.216365
0.410400 0.217091
0.410500 0.217817
0.410600 0.218544
0.410700 0.219271
0.410800 0.219999
0.410900 0.220727
0.411000 0.221456
0.411100 0.222185
0.411200 0.222915
0.411300 0.223646
0.411400 0.224377
0.411500 0.225108
0.411600 0.225840
0.411700 0.226573
0.411800 0.227306
0.411900 0.228039
0.412000 0.228773
0.412100 0.229507
0.412200 0.230242
0.412300 0.230977
0.412400 0.231713
0.412500 0.232449
0.412600 0.233185
0.412700 0.233922
0.412800 0.234660
0.412900 0.235397
0.413000 0.236136
0.413100 0.236874
0.413200 0.237613
0.413300 0.238352
0.413400 0.239092
0.413500 0.239832
0.413600 0.240573
0.413700 0.241313
0.413800 0.242055
0.413900 0.242796
0.414000 0.243538
0.414100 0.244280
0.414200 0.245022
0.414300 0.245765
0.414400 0.246508
0.414500 0.247252
0.414600 0.247995
0.414700 0.248739
0.414800 0.249484
0.414900 0.250228
0.415000 0.250973
0.415100 0.251718
0.415200 0.252463
0.415300 0.253209
0.415400 0.253955
0.415500 0.254701
0.415600 0.255447
0.415700 0.256193
0.415800 0.256940
0.415900 0.257687
0.416000 0.258434
0.416100 0.259181
0.416200 0.259929
0.416300 0.260677
0.416400 0.261424
0.416500 0.262172
0.416600 0.262921
0.416700 0.263669
0.416800 0.264417
0.416900 0.265166
0.417000 0.265915
0.417100 0.266664
0.417200 0.267413
0.417300 0.268162
0.417400 0.268911
0.417500 0.269660
0.417600 0.270410
0.417700 0.271159
0.417800 0.271909
0.417900 0.272658
0.418000 0.273408
0.418100 0.274158
0.418200 0.274908
0.418300 0.275658
0.418400 0.276407
0.418500 0.277157
0.418600 0.277907
0.418700 0.278657
0.418800 0.279407
0.418900 0.280157
0.419000 0.280907
0.419100 0.281657
0.419200 0.282407
0.419300 0.283157
0.419400 0.283907
0.419500 0.284657
0.419600 0.285407
0.419700 0.286157
0.419800 0.286906
0.419900 0.287656
0.420000 0.288406
0.420100 0.289155
0.420200 0.289905
0.420300 0.290654
0.420400 0.291403
0.420500 0.292153
0.420600 0.292902
0.420700 0.293651
0.420800 0.294399
0.420900 0.295148
0.421000 0.295897
0.421100 0.296645
0.421200 0.297393
0.421300 0.298141
0.421400 0.298889
0.421500 0.299637
0.421600 0.300385
0.421700 0.301132
0.421800 0.301879
0.421900 0.302626
0.422000 0.303373
0.422100 0.304120
0.422200 0.304866
0.422300 0.305612
0.422400 0.306358
0.422500 0.307104
0.422600 0.307849
0.422700 0.308595
0.422800 0.309340
0.422900 0.310084
0.423000 0.310829
0.423100 0.311573
0.423200 0.312317
0.423300 0.313060
0.423400 0.313803
0.423500 0.314546
0.423600 0.315289
0.423700 0.316031
0.423800 0.316773
0.423900 0.317515
0.424000 0.318256
0.424100 0.318997
0.424200 0.319738
0.424300 0.320478
0.424400 0.321218
0.424500 0.321958
0.424600 0.322697
0.424700 0.323436
0.424800 0.324174
0.424900 0.324912
0.425000 0.325650
0.425100 0.326387
0.425200 0.327124
0.425300 0.327860
0.425400 0.328596
0.425500 0.329331
0.425600 0.330066
0.425700 0.330801
0.425800 0.331535
0.425900 0.332269
0.426000 0.333002
0.426100 0.333735
0.426200 0.334467
0.426300 0.335199
0.426400 0.335930
0.426500 0.336661
0.426600 0.337391
0.426700 0.338121
0.426800 0.338850
0.426900 0.339578
0.427000 0.340307
0.427100 0.341034
0.427200 0.341761
0.427300 0.342488
0.427400 0.343214
0.427500 0.343939
0.427600 0.344664
0.427700 0.345388
0.427800 0.346111
0.427900 0.346834
0.428000 0.347557
0.428100 0.348279
0.428200 0.349000
0.428300 0.349720
0.428400 0.350440
0.428500 0.351160
0.428600 0.351878
0.428700 0.352596
0.428800 0.353314
0.428900 0.354030
0.429000 0.354746
0.429100 0.355462
0.429200 0.356176
0.429300 0.356890
0.429400 0.357604
0.429500 0.358316
0.429600 0.359028
0.429700 0.359739
0.429800 0.360450
0.429900 0.361160
0.430000 0.361869
0.430100 0.362577
0.430200 0.363284
0.430300 0.363991
0.430400 0.364697
0.430500 0.365402
0.430600 0.366107
0.430700 0.366811
0.430800 0.367514
0.430900 0.368216
0.431000 0.368917
0.431100 0.369618
0.431200 0.370317
0.431300 0.371016
0.431400 0.371715
0.431500 0.372412
0.431600 0.373108
0.431700 0.373804
0.431800 0.374499
0.431900 0.375193
0.432000 0.375886
0.432100 0.376578
0.432200 0.377269
0.432300 0.377960
0.432400 0.378649
0.432500 0.379338
0.432600 0.380026
0.432700 0.380713
0.432800 0.381399
0.432900 0.382084
0.433000 0.382768
0.433100 0.383451
0.433200 0.384133
0.433300 0.384815
0.433400 0.385495
0.433500 0.386175
0.433600 0.386853
0.433700 0.387531
0.433800 0.388207
0.433900 0.388883
0.434000 0.389558
0.434100 0.390231
0.434200 0.390904
0.434300 0.391576
0.434400 0.392246
0.434500 0.392916
0.434600 0.393585
0.434700 0.394252
0.434800 0.394919
0.434900 0.395584
0.435000 0.396249
0.435100 0.396912
0.435200 0.397575
0.435300 0.398236
0.435400 0.398896
0.435500 0.399556
0.435600 0.400214
0.435700 0.400871
0.435800 0.401527
0.435900 0.402182
0.436000 0.402835
0.436100 0.403488
0.436200 0.404140
0.436300 0.404790
0.436400 0.405439
0.436500 0.406088
0.436600 0.406735
0.436700 0.407381
0.436800 0.408025
0.436900 0.408669
0.437000 0.409311
0.437100 0.409953
0.437200 0.410593
0.437300 0.411232
0.437400 0.411870
0.437500 0.412506
0.437600 0.413141
0.437700 0.413776
0.437800 0.414409
0.437900 0.415040
0.438000 0.415671
0.438100 0.416300
0.438200 0.416928
0.438300 0.417555
0.438400 0.418181
0.438500 0.418805
0.438600 0.419429
0.438700 0.420050
0.438800 0.420671
0.438900 0.421290
0.439000 0.421909
0.439100 0.422525
0.439200 0.423141
0.439300 0.423755
0.439400 0.424368
0.439500 0.424980
0.439600 0.425590
0.439700 0.426199
0.439800 0.426807
0.439900 0.427413
0.440000 0.428018
0.440100 0.428622
0.440200 0.429225
0.440300 0.429826
0.440400 0.430425
0.440500 0.431024
0.440600 0.431621
0.440700 0.432216
0.440800 0.432811
0.440900 0.433403
0.441000 0.433995
0.441100 0.434585
0.441200 0.435174
0.441300 0.435761
0.441400 0.436347
0.441500 0.436932
0.441600 0.437515
0.441700 0.438096
0.441800 0.438677
0.441900 0.439256
0.442000 0.439833
0.442100 0.440409
0.442200 0.440984
0.442300 0.441557
0.442400 0.442128
0.442500 0.442698
0.442600 0.443267
0.442700 0.443834
0.442800 0.444400
0.442900 0.444964
0.443000 0.445527
0.443100 0.446089
0.443200 0.446648
0.443300 0.447207
0.443400 0.447763
0.443500 0.448319
0.443600 0.448873
0.443700 0.449425
0.443800 0.449976
0.443900 0.450525
0.444000 0.451072
0.444100 0.451619
0.444200 0.452163
0.444300 0.452706
0.444400 0.453248
0.444500 0.453788
0.444600 0.454326
0.444700 0.454863
0.444800 0.455398
0.444900 0.455932
0.445000 0.456464
0.445100 0.456994
0.445200 0.457523
0.445300 0.458050
0.445400 0.458576
0.445500 0.459100
0.445600 0.459623
0.445700 0.460143
0.445800 0.460663
0.445900 0.461180
0.446000 0.461696
0.446100 0.462211
0.446200 0.462723
0.446300 0.463234
0.446400 0.463744
0.446500 0.464251
0.446600 0.464758
0.446700 0.465262
0.446800 0.465765
0.446900 0.466266
0.447000 0.466765
0.447100 0.467263
0.447200 0.467759
0.447300 0.468253
0.447400 0.468746
0.447500 0.469237
0.447600 0.469726
0.447700 0.470214
0.447800 0.470700
0.447900 0.471184
0.448000 0.471666
0.448100 0.472147
0.448200 0.472626
0.448300 0.473103
0.448400 0.473578
0.448500 0.474052
0.448600 0.474524
0.448700 0.474994
0.448800 0.475463
0.448900 0.475929
0.449000 0.476394
0.449100 0.476858
0.449200 0.477319
0.449300 0.477779
0.449400 0.478237
0.449500 0.478693
0.449600 0.479147
0.449700 0.479599
0.449800 0.480050
0.449900 0.480499
0.450000 0.480946
0.450100 0.481391
0.450200 0.481835
0.450300 0.482277
0.450400 0.482716
0.450500 0.483154
0.450600 0.483591
0.450700 0.484025
0.450800 0.484457
0.450900 0.484888
0.451000 0.485317
0.451100 0.485744
0.451200 0.486169
0.451300 0.486592
0.451400 0.487014
0.451500 0.487433
0.451600 0.487851
0.451700 0.488267
0.451800 0.488681
0.451900 0.489093
0.452000 0.489503
0.452100 0.489911
0.452200 0.490318
0.452300 0.490722
0.452400 0.491125
0.452500 0.491526
0.452600 0.491924
0.452700 0.492321
0.452800 0.492716
0.452900 0.493109
0.453000 0.493500
0.453100 0.493890
0.453200 0.494277
0.453300 0.494662
0.453400 0.495046
0.453500 0.495427
0.453600 0.495807
0.453700 0.496185
0.453800 0.496560
0.453900 0.496934
0.454000 0.497306
0.454100 0.497676
0.454200 0.498044
0.454300 0.498409
0.454400 0.498773
0.454500 0.499135
0.454600 0.499495
0.454700 0.499853
0.454800 0.500209
0.454900 0.500564
0.455000 0.500916
0.455100 0.501266
0.455200 0.501614
0.455300 0.501960
0.455400 0.502304
0.455500 0.502646
0.455600 0.502986
0.455700 0.503324
0.455800 0.503661
0.455900 0.503995
0.456000 0.504327
0.456100 0.504657
0.456200 0.504985
0.456300 0.505311
0.456400 0.505635
0.456500 0.505957
0.456600 0.506277
0.456700 0.506594
0.456800 0.506910
0.456900 0.507224
0.457000 0.507536
0.457100 0.507845
0.457200 0.508153
0.457300 0.508459
0.457400 0.508762
0.457500 0.509064
0.457600 0.509363
0.457700 0.509660
0.457800 0.509956
0.457900 0.510249
0.458000 0.510540
0.458100 0.510829
0.458200 0.511116
0.458300 0.511401
0.458400 0.511684
0.458500 0.511965
0.458600 0.512243
0.458700 0.512520
0.458800 0.512794
0.458900 0.513067
0.459000 0.513337
0.459100 0.513605
0.459200 0.513871
0.459300 0.514135
0.459400 0.514397
0.459500 0.514657
0.459600 0.514915
0.459700 0.515170
0.459800 0.515423
0.459900 0.515675
0.460000 0.515924
0.460100 0.516171
0.460200 0.516416
0.460300 0.516659
0.460400 0.516899
0.460500 0.517138
0.460600 0.517374
0.460700 0.517609
0.460800 0.517841
0.460900 0.518071
0.461000 0.518298
0.461100 0.518524
0.461200 0.518748
0.461300 0.518969
0.461400 0.519188
0.461500 0.519405
0.461600 0.519620
0.461700 0.519833
0.461800 0.520044
0.461900 0.520252
0.462000 0.520459
0.462100 0.520663
0.462200 0.520865
0.462300 0.521065
0.462400 0.521262
0.462500 0.521458
0.462600 0.521651
0.462700 0.521842
0.462800 0.522031
0.462900 0.522218
0.463000 0.522402
0.463100 0.522585
0.463200 0.522765
0.463300 0.522943
0.463400 0.523119
0.463500 0.523293
0.463600 0.523464
0.463700 0.523633
0.463800 0.523800
0.463900 0.523965
0.464000 0.524128
0.464100 0.524288
0.464200 0.524447
0.464300 0.524603
0.464400 0.524757
0.464500 0.524908
0.464600 0.525058
0.464700 0.525205
0.464800 0.525350
0.464900 0.525493
0.465000 0.525634
0.465100 0.525772
0.465200 0.525909
0.465300 0.526043
0.465400 0.526174
0.465500 0.526304
0.465600 0.526431
0.465700 0.526557
0.465800 0.526679
0.465900 0.526800
0.466000 0.526919
0.466100 0.527035
0.466200 0.527149
0.466300 0.527261
0.466400 0.527370
0.466500 0.527478
0.466600 0.527583
0.466700 0.527686
0.466800 0.527787
0.466900 0.527885
0.467000 0.527981
0.467100 0.528075
0.467200 0.528167
0.467300 0.528257
0.467400 0.528344
0.467500 0.528429
0.467600 0.528512
0.467700 0.528592
0.467800 0.528671
0.467900 0.528747
0.468000 0.528821
0.468100 0.528892
0.468200 0.528962
0.468300 0.529029
0.468400 0.529094
0.468500 0.529157
0.468600 0.529217
0.468700 0.529275
0.468800 0.529331
0.468900 0.529385
0.469000 0.529436
0.469100 0.529486
0.469200 0.529532
0.469300 0.529577
0.469400 0.529620
0.469500 0.529660
0.469600 0.529698
0.469700 0.529734
0.469800 0.529767
0.469900 0.529798
0.470000 0.529827
0.470100 0.529854
0.470200 0.529879
0.470300 0.529901
0.470400 0.529921
0.470500 0.529939
0.470600 0.529954
0.470700 0.529967
0.470800 0.529978
0.470900 0.529987
0.471000 0.529994
0.471100 0.529998
0.471200 0.530000
0.471300 0.530000
0.471400 0.529997
0.471500 0.529992
0.471600 0.529985
0.471700 0.529976
0.471800 0.529965
0.471900 0.529951
0.472000 0.529935
0.472100 0.529917
0.472200 0.529896
0.472300 0.529873
0.472400 0.529848
0.472500 0.529821
0.472600 0.529792
0.472700 0.529760
0.472800 0.529726
0.472900 0.529690
0.473000 0.529651
0.473100 0.529610
0.473200 0.529567
0.473300 0.529522
0.473400 0.529475
0.473500 0.529425
0.473600 0.529373
0.473700 0.529319
0.473800 0.529262
0.473900 0.529204
0.474000 0.529143
0.474100 0.529080
0.474200 0.529014
0.474300 0.528947
0.474400 0.528877
0.474500 0.528805
0.474600 0.528730
0.474700 0.528654
0.474800 0.528575
0.474900 0.528494
0.475000 0.528410
0.475100 0.528325
0.475200 0.528237
0.475300 0.528147
0.475400 0.528055
0.475500 0.527960
0.475600 0.527863
0.475700 0.527764
0.475800 0.527663
0.475900 0.527560
0.476000 0.527454
0.476100 0.527346
0.476200 0.527236
0.476300 0.527124
0.476400 0.527009
0.476500 0.526893
0.476600 0.526774
0.476700 0.526652
0.476800 0.526529
0.476900 0.526403
0.477000 0.526275
0.477100 0.526145
0.477200 0.526013
0.477300 0.525878
0.477400 0.525742
0.477500 0.525603
0.477600 0.525462
0.477700 0.525318
0.477800 0.525173
0.477900 0.525025
0.478000 0.524875
0.478100 0.524723
0.478200 0.524568
0.478300 0.524412
0.478400 0.524253
0.478500 0.524092
0.478600 0.523929
0.478700 0.523763
0.478800 0.523596
0.478900 0.523426
0.479000 0.523254
0.479100 0.523080
0.479200 0.522904
0.479300 0.522725
0.479400 0.522544
0.479500 0.522362
0.479600 0.522176
0.479700 0.521989
0.479800 0.521800
0.479900 0.521608
0.480000 0.521414
0.480100 0.521218
0.480200 0.521020
0.480300 0.520820
0.480400 0.520618
0.480500 0.520413
0.480600 0.520206
0.480700 0.519997
0.480800 0.519786
0.480900 0.519573
0.481000 0.519357
0.481100 0.519140
0.481200 0.518920
0.481300 0.518698
0.481400 0.518474
0.481500 0.518248
0.481600 0.518020
0.481700 0.517789
0.481800 0.517557
0.481900 0.517322
0.482000 0.517085
0.482100 0.516846
0.482200 0.516605
0.482300 0.516362
0.482400 0.516116
0.482500 0.515869
0.482600 0.515619
0.482700 0.515367
0.482800 0.515113
0.482900 0.514857
0.483000 0.514599
0.483100 0.514339
0.483200 0.514077
0.483300 0.513812
0.483400 0.513546
0.483500 0.513277
0.483600 0.513006
0.483700 0.512734
0.483800 0.512459
0.483900 0.512182
0.484000 0.511903
0.484100 0.511621
0.484200 0.511338
0.484300 0.511053
0.484400 0.510765
0.484500 0.510476
0.484600 0.510184
0.484700 0.509890
0.484800 0.509595
0.484900 0.509297
0.485000 0.508997
0.485100 0.508695
0.485200 0.508391
0.485300 0.508085
0.485400 0.507777
0.485500 0.507467
0.485600 0.507155
0.485700 0.506840
0.485800 0.506524
0.485900 0.506206
0.486000 0.505885
0.486100 0.505563
0.486200 0.505239
0.486300 0.504912
0.486400 0.504584
0.486500 0.504253
0.486600 0.503921
0.486700 0.503586
0.486800 0.503250
0.486900 0.502911
0.487000 0.502570
0.487100 0.502228
0.487200 0.501883
0.487300 0.501537
0.487400 0.501188
0.487500 0.500838
0.487600 0.500485
0.487700 0.500131
0.487800 0.499774
0.487900 0.499416
0.488000 0.499055
0.488100 0.498693
0.488200 0.498328
0.488300 0.497962
0.488400 0.497594
0.488500 0.497223
0.488600 0.496851
0.488700 0.496477
0.488800 0.496101
0.488900 0.495723
0.489000 0.495343
0.489100 0.494961
0.489200 0.494577
0.489300 0.494191
0.489400 0.493803
0.489500 0.493414
0.489600 0.493022
0.489700 0.492629
0.489800 0.492233
0.489900 0.491836
0.490000 0.491437
0.490100 0.491036
0.490200 0.490633
0.490300 0.490228
0.490400 0.489821
0.490500 0.489412
0.490600 0.489001
0.490700 0.488589
0.490800 0.488175
0.490900 0.487758
0.491000 0.487340
0.491100 0.486920
0.491200 0.486498
0.491300 0.486075
0.491400 0.485649
0.491500 0.485222
0.491600 0.484793
0.491700 0.484362
0.491800 0.483929
0.491900 0.483494
0.492000 0.483057
0.492100 0.482619
0.492200 0.482179
0.492300 0.481737
0.492400 0.481293
0.492500 0.480847
0.492600 0.480399
0.492700 0.479950
0.492800 0.479499
0.492900 0.479046
0.493000 0.478592
0.493100 0.478135
0.493200 0.477677
0.493300 0.477217
0.493400 0.476755
0.493500 0.476291
0.493600 0.475826
0.493700 0.475359
0.493800 0.474890
0.493900 0.474419
0.494000 0.473947
0.494100 0.473473
0.494200 0.472997
0.494300 0.472519
0.494400 0.472040
0.494500 0.471559
0.494600 0.471076
0.494700 0.470592
0.494800 0.470106
0.494900 0.469618
0.495000 0.469128
0.495100 0.468637
0.495200 0.468144
0.495300 0.467649
0.495400 0.467153
0.495500 0.466654
0.495600 0.466155
0.495700 0.465653
0.495800 0.465150
0.495900 0.464645
0.496000 0.464139
0.496100 0.463631
0.496200 0.463121
0.496300 0.462610
0.496400 0.462096
0.496500 0.461582
0.496600 0.461065
0.496700 0.460548
0.496800 0.460028
0.496900 0.459507
0.497000 0.458984
0.497100 0.458459
0.497200 0.457933
0.497300 0.457406
0.497400 0.456877
0.497500 0.456346
0.497600 0.455813
0.497700 0.455279
0.497800 0.454744
0.497900 0.454207
0.498000 0.453668
0.498100 0.453128
0.498200 0.452586
0.498300 0.452042
0.498400 0.451497
0.498500 0.450951
0.498600 0.450403
0.498700 0.449853
0.498800 0.449302
0.498900 0.448750
0.499000 0.448196
0.499100 0.447640
0.499200 0.447083
0.499300 0.446524
0.499400 0.445964
0.499500 0.445402
0.499600 0.444839
0.499700 0.444275
0.499800 0.443709
0.499900 0.443141
0.500000 0.442572
