0.000000 0.280000
0.000100 0.280650
0.000200 0.281300
0.000300 0.281950
0.000400 0.282600
0.000500 0.283250
0.000600 0.283900
0.000700 0.284550
0.000800 0.285200
0.000900 0.285849
0.001000 0.286499
0.001100 0.287149
0.001200 0.287799
0.001300 0.288448
0.001400 0.289098
0.001500 0.289748
0.001600 0.290397
0.001700 0.291046
0.001800 0.291696
0.001900 0.292345
0.002000 0.292994
0.002100 0.293643
0.002200 0.294292
0.002300 0.294941
0.002400 0.295590
0.002500 0.296239
0.002600 0.296887
0.002700 0.297536
0.002800 0.298184
0.002900 0.298832
0.003000 0.299480
0.003100 0.300128
0.003200 0.300776
0.003300 0.301424
0.003400 0.302071
0.003500 0.302719
0.003600 0.303366
0.003700 0.304013
0.003800 0.304660
0.003900 0.305307
0.004000 0.305953
0.004100 0.306600
0.004200 0.307246
0.004300 0.307892
0.004400 0.308538
0.004500 0.309183
0.004600 0.309829
0.004700 0.310474
0.004800 0.311119
0.004900 0.311764
0.005000 0.312409
0.005100 0.313053
0.005200 0.313697
0.005300 0.314341
0.005400 0.314985
0.005500 0.315628
0.005600 0.316272
0.005700 0.316915
0.005800 0.317557
0.005900 0.318200
0.006000 0.318842
0.006100 0.319484
0.006200 0.320126
0.006300 0.320767
0.006400 0.321408
0.006500 0.322049
0.006600 0.322690
0.006700 0.323330
0.006800 0.323970
0.006900 0.324610
0.007000 0.325249
0.007100 0.325888
0.007200 0.326527
0.007300 0.327166
0.007400 0.327804
0.007500 0.328442
0.007600 0.329079
0.007700 0.329716
0.007800 0.330353
0.007900 0.330990
0.008000 0.331626
0.008100 0.332262
0.008200 0.332897
0.008300 0.333532
0.008400 0.334167
0.008500 0.334801
0.008600 0.335435
0.008700 0.336069
0.008800 0.336702
0.008900 0.337335
0.009000 0.337968
0.009100 0.338600
0.009200 0.339231
0.009300 0.339863
0.009400 0.340494
0.009500 0.341124
0.009600 0.341754
0.009700 0.342384
0.009800 0.343013
0.009900 0.343642
0.010000 0.344270
0.010100 0.344898
0.010200 0.345526
0.010300 0.346153
0.010400 0.346779
0.010500 0.347405
0.010600 0.348031
0.010700 0.348656
0.010800 0.349281
0.010900 0.349905
0.011000 0.350529
0.011100 0.351153
0.011200 0.351775
0.011300 0.352398
0.011400 0.353020
0.011500 0.353641
0.011600 0.354262
0.011700 0.354883
0.011800 0.355502
0.011900 0.356122
0.012000 0.356741
0.012100 0.357359
0.012200 0.357977
0.012300 0.358594
0.012400 0.359211
0.012500 0.359827
0.012600 0.360443
0.012700 0.361058
0.012800 0.361673
0.012900 0.362287
0.013000 0.362900
0.013100 0.363513
0.013200 0.364126
0.013300 0.364737
0.013400 0.365349
0.013500 0.365959
0.013600 0.366569
0.013700 0.367179
0.013800 0.367788
0.013900 0.368396
0.014000 0.369004
0.014100 0.369611
0.014200 0.370217
0.014300 0.370823
0.014400 0.371429
0.014500 0.372033
0.014600 0.372637
0.014700 0.373241
0.014800 0.373843
0.014900 0.374446
0.015000 0.375047
0.015100 0.375648
0.015200 0.376248
0.015300 0.376848
0.015400 0.377447
0.015500 0.378045
0.015600 0.378643
0.015700 0.379239
0.015800 0.379836
0.015900 0.380431
0.016000 0.381026
0.016100 0.381620
0.016200 0.382214
0.016300 0.382807
0.016400 0.383399
0.016500 0.383990
0.016600 0.384581
0.016700 0.385171
0.016800 0.385761
0.016900 0.386349
0.017000 0.386937
0.017100 0.387524
0.017200 0.388111
0.017300 0.388696
0.017400 0.389281
0.017500 0.389866
0.017600 0.390449
0.017700 0.391032
0.017800 0.391614
0.017900 0.392195
0.018000 0.392776
0.018100 0.393355
0.018200 0.393934
0.018300 0.394512
0.018400 0.395090
0.018500 0.395666
0.018600 0.396242
0.018700 0.396817
0.018800 0.397392
0.018900 0.397965
0.019000 0.398538
0.019100 0.399110
0.019200 0.399681
0.019300 0.400251
0.019400 0.400821
0.019500 0.401389
0.019600 0.401957
0.019700 0.402524
0.019800 0.403090
0.019900 0.403656
0.020000 0.404220
0.020100 0.404784
0.020200 0.405347
0.020300 0.405908
0.020400 0.406470
0.020500 0.407030
0.020600 0.407589
0.020700 0.408148
0.020800 0.408705
0.020900 0.409262
0.021000 0.409818
0.021100 0.410373
0.021200 0.410927
0.021300 0.411481
0.021400 0.412033
0.021500 0.412585
0.021600 0.413135
0.021700 0.413685
0.021800 0.414234
0.021900 0.414782
0.022000 0.415329
0.022100 0.415875
0.022200 0.416420
0.022300 0.416964
0.022400 0.417507
0.022500 0.418050
0.022600 0.418591
0.022700 0.419132
0.022800 0.419671
0.022900 0.420210
0.023000 0.420748
0.023100 0.421284
0.023200 0.421820
0.023300 0.422355
0.023400 0.422889
0.023500 0.423422
0.023600 0.423954
0.023700 0.424485
0.023800 0.425015
0.023900 0.425544
0.024000 0.426072
0.024100 0.426599
0.024200 0.427125
0.024300 0.427650
0.024400 0.428174
0.024500 0.428697
0.024600 0.429219
0.024700 0.429740
0.024800 0.430260
0.024900 0.430779
0.025000 0.431297
0.025100 0.431814
0.025200 0.432329
0.025300 0.432844
0.025400 0.433358
0.025500 0.433871
0.025600 0.434383
0.025700 0.434894
0.025800 0.435403
0.025900 0.435912
0.026000 0.436419
0.026100 0.436926
0.026200 0.437431
0.026300 0.437936
0.026400 0.438439
0.026500 0.438941
0.026600 0.439443
0.026700 0.439943
0.026800 0.440442
0.026900 0.440940
0.027000 0.441437
0.027100 0.441932
0.027200 0.442427
0.027300 0.442921
0.027400 0.443413
0.027500 0.443904
0.027600 0.444395
0.027700 0.444884
0.027800 0.445372
0.027900 0.445859
0.028000 0.446344
0.028100 0.446829
0.028200 0.447313
0.028300 0.447795
0.028400 0.448276
0.028500 0.448757
0.028600 0.449236
0.028700 0.449713
0.028800 0.450190
0.028900 0.450666
0.029000 0.451140
0.029100 0.451613
0.029200 0.452085
0.029300 0.452556
0.029400 0.453026
0.029500 0.453495
0.029600 0.453962
0.029700 0.454428
0.029800 0.454893
0.029900 0.455357
0.030000 0.455820
0.030100 0.456281
0.030200 0.456742
0.030300 0.457201
0.030400 0.457659
0.030500 0.458115
0.030600 0.458571
0.030700 0.459025
0.030800 0.459478
0.030900 0.459930
0.031000 0.460381
0.031100 0.460830
0.031200 0.461279
0.031300 0.461726
0.031400 0.462171
0.031500 0.462616
0.031600 0.463059
0.031700 0.463501
0.031800 0.463942
0.031900 0.464382
0.032000 0.464820
0.032100 0.465257
0.032200 0.465693
0.032300 0.466127
0.032400 0.466561
0.032500 0.466993
0.032600 0.467424
0.032700 0.467853
0.032800 0.468281
0.032900 0.468708
0.033000 0.469134
0.033100 0.469558
0.033200 0.469982
0.033300 0.470403
0.033400 0.470824
0.033500 0.471243
0.033600 0.471661
0.033700 0.472078
0.033800 0.472493
0.033900 0.472908
0.034000 0.473320
0.034100 0.473732
0.034200 0.474142
0.034300 0.474551
0.034400 0.474958
0.034500 0.475365
0.034600 0.475770
0.034700 0.476173
0.034800 0.476575
0.034900 0.476976
0.035000 0.477376
0.035100 0.477774
0.035200 0.478171
0.035300 0.478567
0.035400 0.478961
0.035500 0.479354
0.035600 0.479745
0.035700 0.480136
0.035800 0.480524
0.035900 0.480912
0.036000 0.481298
0.036100 0.481683
0.036200 0.482066
0.036300 0.482448
0.036400 0.482829
0.036500 0.483208
0.036600 0.483586
0.036700 0.483963
0.036800 0.484338
0.036900 0.484712
0.037000 0.485084
0.037100 0.485455
0.037200 0.485825
0.037300 0.486193
0.037400 0.486560
0.037500 0.486925
0.037600 0.487290
0.037700 0.487652
0.037800 0.488013
0.037900 0.488373
0.038000 0.488732
0.038100 0.489089
0.038200 0.489444
0.038300 0.489799
0.038400 0.490151
0.038500 0.490503
0.038600 0.490853
0.038700 0.491201
0.038800 0.491548
0.038900 0.491894
0.039000 0.492238
0.039100 0.492581
0.039200 0.492922
0.039300 0.493262
0.039400 0.493601
0.039500 0.493938
0.039600 0.494273
0.039700 0.494607
0.039800 0.494940
0.039900 0.495271
0.040000 0.495601
0.040100 0.495929
0.040200 0.496256
0.040300 0.496582
0.040400 0.496906
0.040500 0.497228
0.040600 0.497549
0.040700 0.497869
0.040800 0.498187
0.040900 0.498503
0.041000 0.498818
0.041100 0.499132
0.041200 0.499444
0.041300 0.499755
0.041400 0.500064
0.041500 0.500372
0.041600 0.500678
0.041700 0.500982
0.041800 0.501286
0.041900 0.501587
0.042000 0.501888
0.042100 0.502186
0.042200 0.502483
0.042300 0.502779
0.042400 0.503073
0.042500 0.503366
0.042600 0.503657
0.042700 0.503947
0.042800 0.504235
0.042900 0.504522
0.043000 0.504807
0.043100 0.505090
0.043200 0.505373
0.043300 0.505653
0.043400 0.505932
0.043500 0.506210
0.043600 0.506486
0.043700 0.506760
0.043800 0.507033
0.043900 0.507304
0.044000 0.507574
0.044100 0.507842
0.044200 0.508109
0.044300 0.508374
0.044400 0.508638
0.044500 0.508900
0.044600 0.509161
0.044700 0.509420
0.044800 0.509677
0.044900 0.509933
0.045000 0.510188
0.045100 0.510440
0.045200 0.510692
0.045300 0.510941
0.045400 0.511190
0.045500 0.511436
0.045600 0.511681
0.045700 0.511925
0.045800 0.512166
0.045900 0.512407
0.046000 0.512646
0.046100 0.512883
0.046200 0.513118
0.046300 0.513352
0.046400 0.513585
0.046500 0.513816
0.046600 0.514045
0.046700 0.514273
0.046800 0.514499
0.046900 0.514723
0.047000 0.514946
0.047100 0.515168
0.047200 0.515387
0.047300 0.515605
0.047400 0.515822
0.047500 0.516037
0.047600 0.516250
0.047700 0.516462
0.047800 0.516672
0.047900 0.516881
0.048000 0.517088
0.048100 0.517293
0.048200 0.517497
0.048300 0.517699
0.048400 0.517900
0.048500 0.518099
0.048600 0.518296
0.048700 0.518492
0.048800 0.518686
0.048900 0.518879
0.049000 0.519070
0.049100 0.519259
0.049200 0.519447
0.049300 0.519633
0.049400 0.519817
0.049500 0.520000
0.049600 0.520181
0.049700 0.520361
0.049800 0.520539
0.049900 0.520715
0.050000 0.520890
0.050100 0.521063
0.050200 0.521234
0.050300 0.521404
0.050400 0.521572
0.050500 0.521739
0.050600 0.521903
0.050700 0.522067
0.050800 0.522228
0.050900 0.522388
0.051000 0.522547
0.051100 0.522703
0.051200 0.522858
0.051300 0.523012
0.051400 0.523164
0.051500 0.523314
0.051600 0.523462
0.051700 0.523609
0.051800 0.523754
0.051900 0.523898
0.052000 0.524040
0.052100 0.524180
0.052200 0.524319
0.052300 0.524456
0.052400 0.524591
0.052500 0.524725
0.052600 0.524857
0.052700 0.524987
0.052800 0.525116
0.052900 0.525243
0.053000 0.525368
0.053100 0.525492
0.053200 0.525614
0.053300 0.525734
0.053400 0.525853
0.053500 0.525970
0.053600 0.526085
0.053700 0.526199
0.053800 0.526311
0.053900 0.526422
0.054000 0.526530
0.054100 0.526638
0.054200 0.526743
0.054300 0.526847
0.054400 0.526949
0.054500 0.527049
0.054600 0.527148
0.054700 0.527245
0.054800 0.527340
0.054900 0.527434
0.055000 0.527526
0.055100 0.527617
0.055200 0.527705
0.055300 0.527792
0.055400 0.527878
0.055500 0.527961
0.055600 0.528043
0.055700 0.528124
0.055800 0.528202
0.055900 0.528279
0.056000 0.528355
0.056100 0.528428
0.056200 0.528500
0.056300 0.528570
0.056400 0.528639
0.056500 0.528706
0.056600 0.528771
0.056700 0.528835
0.056800 0.528896
0.056900 0.528957
0.057000 0.529015
0.057100 0.529072
0.057200 0.529127
0.057300 0.529180
0.057400 0.529232
0.057500 0.529282
0.057600 0.529331
0.057700 0.529377
0.057800 0.529422
0.057900 0.529466
0.058000 0.529507
0.058100 0.529547
0.058200 0.529585
0.058300 0.529622
0.058400 0.529657
0.058500 0.529690
0.058600 0.529722
0.058700 0.529751
0.058800 0.529780
0.058900 0.529806
0.059000 0.529831
0.059100 0.529854
0.059200 0.529875
0.059300 0.529895
0.059400 0.529913
0.059500 0.529929
0.059600 0.529944
0.059700 0.529957
0.059800 0.529968
0.059900 0.529978
0.060000 0.529985
0.060100 0.529992
0.060200 0.529996
0.060300 0.529999
0.060400 0.530000
0.060500 0.529999
0.060600 0.529997
0.060700 0.529993
0.060800 0.529987
0.060900 0.529980
0.061000 0.529971
0.061100 0.529960
0.061200 0.529948
0.061300 0.529934
0.061400 0.529918
0.061500 0.529901
0.061600 0.529881
0.061700 0.529861
0.061800 0.529838
0.061900 0.529814
0.062000 0.529788
0.062100 0.529760
0.062200 0.529731
0.062300 0.529700
0.062400 0.529667
0.062500 0.529633
0.062600 0.529597
0.062700 0.529559
0.062800 0.529520
0.062900 0.529478
0.063000 0.529436
0.063100 0.529391
0.063200 0.529345
0.063300 0.529297
0.063400 0.529248
0.063500 0.529196
0.063600 0.529143
0.063700 0.529089
0.063800 0.529033
0.063900 0.528975
0.064000 0.528915
0.064100 0.528854
0.064200 0.528791
0.064300 0.528726
0.064400 0.528659
0.064500 0.528591
0.064600 0.528522
0.064700 0.528450
0.064800 0.528377
0.064900 0.528302
0.065000 0.528226
0.065100 0.528148
0.065200 0.528068
0.065300 0.527986
0.065400 0.527903
0.065500 0.527818
0.065600 0.527732
0.065700 0.527644
0.065800 0.527554
0.065900 0.527462
0.066000 0.527369
0.066100 0.527274
0.066200 0.527178
0.066300 0.527079
0.066400 0.526980
0.066500 0.526878
0.066600 0.526775
0.066700 0.526670
0.066800 0.526563
0.066900 0.526455
0.067000 0.526345
0.067100 0.526234
0.067200 0.526120
0.067300 0.526005
0.067400 0.525889
0.067500 0.525771
0.067600 0.525651
0.067700 0.525529
0.067800 0.525406
0.067900 0.525281
0.068000 0.525155
0.068100 0.525026
0.068200 0.524897
0.068300 0.524765
0.068400 0.524632
0.068500 0.524497
0.068600 0.524361
0.068700 0.524223
0.068800 0.524083
0.068900 0.523941
0.069000 0.523798
0.069100 0.523654
0.069200 0.523507
0.069300 0.523359
0.069400 0.523210
0.069500 0.523058
0.069600 0.522905
0.069700 0.522751
0.069800 0.522595
0.069900 0.522437
0.070000 0.522277
0.070100 0.522116
0.070200 0.521953
0.070300 0.521789
0.070400 0.521623
0.070500 0.521455
0.070600 0.521286
0.070700 0.521115
0.070800 0.520942
0.070900 0.520768
0.071000 0.520592
0.071100 0.520415
0.071200 0.520236
0.071300 0.520055
0.071400 0.519873
0.071500 0.519689
0.071600 0.519503
0.071700 0.519316
0.071800 0.519127
0.071900 0.518937
0.072000 0.518745
0.072100 0.518551
0.072200 0.518356
0.072300 0.518159
0.072400 0.517961
0.072500 0.517761
0.072600 0.517559
0.072700 0.517356
0.072800 0.517151
0.072900 0.516944
0.073000 0.516736
0.073100 0.516526
0.073200 0.516315
0.073300 0.516102
0.073400 0.515888
0.073500 0.515672
0.073600 0.515454
0.073700 0.515235
0.073800 0.515014
0.073900 0.514791
0.074000 0.514567
0.074100 0.514342
0.074200 0.514114
0.074300 0.513886
0.074400 0.513655
0.074500 0.513423
0.074600 0.513190
0.074700 0.512955
0.074800 0.512718
0.074900 0.512480
0.075000 0.512240
0.075100 0.511999
0.075200 0.511756
0.075300 0.511511
0.075400 0.511265
0.075500 0.511017
0.075600 0.510768
0.075700 0.510517
0.075800 0.510265
0.075900 0.510011
0.076000 0.509756
0.076100 0.509499
0.076200 0.509240
0.076300 0.508980
0.076400 0.508718
0.076500 0.508455
0.076600 0.508190
0.076700 0.507924
0.076800 0.507656
0.076900 0.507387
0.077000 0.507116
0.077100 0.506843
0.077200 0.506569
0.077300 0.506294
0.077400 0.506017
0.077500 0.505738
0.077600 0.505458
0.077700 0.505177
0.077800 0.504893
0.077900 0.504609
0.078000 0.504323
0.078100 0.504035
0.078200 0.503746
0.078300 0.503455
0.078400 0.503163
0.078500 0.502869
0.078600 0.502574
0.078700 0.502277
0.078800 0.501979
0.078900 0.501679
0.079000 0.501378
0.079100 0.501075
0.079200 0.500771
0.079300 0.500465
0.079400 0.500158
0.079500 0.499849
0.079600 0.499539
0.079700 0.499227
0.079800 0.498914
0.079900 0.498599
0.080000 0.498283
0.080100 0.497966
0.080200 0.497647
0.080300 0.497326
0.080400 0.497004
0.080500 0.496681
0.080600 0.496356
0.080700 0.496029
0.080800 0.495701
0.080900 0.495372
0.081000 0.495041
0.081100 0.494709
0.081200 0.494375
0.081300 0.494040
0.081400 0.493704
0.081500 0.493366
0.081600 0.493026
0.081700 0.492685
0.081800 0.492343
0.081900 0.491999
0.082000 0.491654
0.082100 0.491307
0.082200 0.490959
0.082300 0.490610
0.082400 0.490259
0.082500 0.489906
0.082600 0.489553
0.082700 0.489197
0.082800 0.488841
0.082900 0.488483
0.083000 0.488123
0.083100 0.487762
0.083200 0.487400
0.083300 0.487037
0.083400 0.486672
0.083500 0.486305
0.083600 0.485937
0.083700 0.485568
0.083800 0.485198
0.083900 0.484826
0.084000 0.484452
0.084100 0.484077
0.084200 0.483701
0.084300 0.483324
0.084400 0.482945
0.084500 0.482565
0.084600 0.482183
0.084700 0.481800
0.084800 0.481416
0.084900 0.481030
0.085000 0.480643
0.085100 0.480254
0.085200 0.479865
0.085300 0.479473
0.085400 0.479081
0.085500 0.478687
0.085600 0.478292
0.085700 0.477895
0.085800 0.477497
0.085900 0.477098
0.086000 0.476698
0.086100 0.476296
0.086200 0.475893
0.086300 0.475488
0.086400 0.475082
0.086500 0.474675
0.086600 0.474267
0.086700 0.473857
0.086800 0.473446
0.086900 0.473034
0.087000 0.472620
0.087100 0.472205
0.087200 0.471789
0.087300 0.471371
0.087400 0.470952
0.087500 0.470532
0.087600 0.470110
0.087700 0.469688
0.087800 0.469264
0.087900 0.468838
0.088000 0.468412
0.088100 0.467984
0.088200 0.467555
0.088300 0.467124
0.088400 0.466693
0.088500 0.466260
0.088600 0.465825
0.088700 0.465390
0.088800 0.464953
0.088900 0.464515
0.089000 0.464076
0.089100 0.463636
0.089200 0.463194
0.089300 0.462751
0.089400 0.462307
0.089500 0.461862
0.089600 0.461415
0.089700 0.460967
0.089800 0.460518
0.089900 0.460068
0.090000 0.459616
0.090100 0.459163
0.090200 0.458710
0.090300 0.458254
0.090400 0.457798
0.090500 0.457341
0.090600 0.456882
0.090700 0.456422
0.090800 0.455961
0.090900 0.455498
0.091000 0.455035
0.091100 0.454570
0.091200 0.454104
0.091300 0.453637
0.091400 0.453169
0.091500 0.452700
0.091600 0.452229
0.091700 0.451757
0.091800 0.451284
0.091900 0.450810
0.092000 0.450335
0.092100 0.449859
0.092200 0.449381
0.092300 0.448903
0.092400 0.448423
0.092500 0.447942
0.092600 0.447460
0.092700 0.446977
0.092800 0.446492
0.092900 0.446007
0.093000 0.445520
0.093100 0.445033
0.093200 0.444544
0.093300 0.444054
0.093400 0.443563
0.093500 0.443071
0.093600 0.442578
0.093700 0.442083
0.093800 0.441588
0.093900 0.441091
0.094000 0.440594
0.094100 0.440095
0.094200 0.439595
0.094300 0.439094
0.094400 0.438592
0.094500 0.438089
0.094600 0.437585
0.094700 0.437080
0.094800 0.436574
0.094900 0.436067
0.095000 0.435558
0.095100 0.435049
0.095200 0.434539
0.095300 0.434027
0.095400 0.433515
0.095500 0.433001
0.095600 0.432487
0.095700 0.431971
0.095800 0.431454
0.095900 0.430937
0.096000 0.430418
0.096100 0.429898
0.096200 0.429378
0.096300 0.428856
0.096400 0.428333
0.096500 0.427809
0.096600 0.427285
0.096700 0.426759
0.096800 0.426232
0.096900 0.425705
0.097000 0.425176
0.097100 0.424646
0.097200 0.424116
0.097300 0.423584
0.097400 0.423051
0.097500 0.422518
0.097600 0.421983
0.097700 0.421448
0.097800 0.420911
0.097900 0.420374
0.098000 0.419836
0.098100 0.419296
0.098200 0.418756
0.098300 0.418215
0.098400 0.417673
0.098500 0.417130
0.098600 0.416586
0.098700 0.416041
0.098800 0.415495
0.098900 0.414949
0.099000 0.414401
0.099100 0.413852
0.099200 0.413303
0.099300 0.412753
0.099400 0.412201
0.099500 0.411649
0.099600 0.411096
0.099700 0.410542
0.099800 0.409988
0.099900 0.409432
0.100000 0.408875
0.100100 0.408318
0.100200 0.407760
0.100300 0.407201
0.100400 0.406641
0.100500 0.406080
0.100600 0.405518
0.100700 0.404955
0.100800 0.404392
0.100900 0.403828
0.101000 0.403263
0.101100 0.402697
0.101200 0.402130
0.101300 0.401562
0.101400 0.400994
0.101500 0.400425
0.101600 0.399855
0.101700 0.399284
0.101800 0.398712
0.101900 0.398140
0.102000 0.397567
0.102100 0.396993
0.102200 0.396418
0.102300 0.395842
0.102400 0.395266
0.102500 0.394689
0.102600 0.394111
0.102700 0.393532
0.102800 0.392952
0.102900 0.392372
0.103000 0.391791
0.103100 0.391209
0.103200 0.390627
0.103300 0.390044
0.103400 0.389460
0.103500 0.388875
0.103600 0.388289
0.103700 0.387703
0.103800 0.387116
0.103900 0.386528
0.104000 0.385940
0.104100 0.385351
0.104200 0.384761
0.104300 0.384171
0.104400 0.383579
0.104500 0.382987
0.104600 0.382395
0.104700 0.381801
0.104800 0.381207
0.104900 0.380613
0.105000 0.380017
0.105100 0.379421
0.105200 0.378825
0.105300 0.378227
0.105400 0.377629
0.105500 0.377030
0.105600 0.376431
0.105700 0.375831
0.105800 0.375230
0.105900 0.374629
0.106000 0.374027
0.106100 0.373424
0.106200 0.372821
0.106300 0.372217
0.106400 0.371613
0.106500 0.371008
0.106600 0.370402
0.106700 0.369796
0.106800 0.369189
0.106900 0.368581
0.107000 0.367973
0.107100 0.367365
0.107200 0.366755
0.107300 0.366145
0.107400 0.365535
0.107500 0.364924
0.107600 0.364312
0.107700 0.363700
0.107800 0.363087
0.107900 0.362474
0.108000 0.361860
0.108100 0.361245
0.108200 0.360630
0.108300 0.360015
0.108400 0.359399
0.108500 0.358782
0.108600 0.358165
0.108700 0.357547
0.108800 0.356929
0.108900 0.356311
0.109000 0.355691
0.109100 0.355072
0.109200 0.354451
0.109300 0.353831
0.109400 0.353209
0.109500 0.352588
0.109600 0.351965
0.109700 0.351343
0.109800 0.350719
0.109900 0.350096
0.110000 0.349471
0.110100 0.348847
0.110200 0.348222
0.110300 0.347596
0.110400 0.346970
0.110500 0.346344
0.110600 0.345717
0.110700 0.345089
0.110800 0.344462
0.110900 0.343833
0.111000 0.343205
0.111100 0.342576
0.111200 0.341946
0.111300 0.341316
0.111400 0.340686
0.111500 0.340055
0.111600 0.339424
0.111700 0.338792
0.111800 0.338160
0.111900 0.337528
0.112000 0.336895
0.112100 0.336262
0.112200 0.335629
0.112300 0.334995
0.112400 0.334360
0.112500 0.333726
0.112600 0.333091
0.112700 0.332455
0.112800 0.331820
0.112900 0.331184
0.113000 0.330547
0.113100 0.329911
0.113200 0.329273
0.113300 0.328636
0.113400 0.327998
0.113500 0.327360
0.113600 0.326722
0.113700 0.326083
0.113800 0.325444
0.113900 0.324805
0.114000 0.324165
0.114100 0.323525
0.114200 0.322885
0.114300 0.322244
0.114400 0.321604
0.114500 0.320963
0.114600 0.320321
0.114700 0.319680
0.114800 0.319038
0.114900 0.318396
0.115000 0.317753
0.115100 0.317111
0.115200 0.316468
0.115300 0.315824
0.115400 0.315181
0.115500 0.314537
0.115600 0.313893
0.115700 0.313249
0.115800 0.312605
0.115900 0.311960
0.116000 0.311316
0.116100 0.310671
0.116200 0.310026
0.116300 0.309380
0.116400 0.308735
0.116500 0.308089
0.116600 0.307443
0.116700 0.306797
0.116800 0.306150
0.116900 0.305504
0.117000 0.304857
0.117100 0.304210
0.117200 0.303563
0.117300 0.302916
0.117400 0.302269
0.117500 0.301621
0.117600 0.300973
0.117700 0.300326
0.117800 0.299678
0.117900 0.299030
0.118000 0.298382
0.118100 0.297733
0.118200 0.297085
0.118300 0.296436
0.118400 0.295788
0.118500 0.295139
0.118600 0.294490
0.118700 0.293841
0.118800 0.293192
0.118900 0.292543
0.119000 0.291894
0.119100 0.291244
0.119200 0.290595
0.119300 0.289946
0.119400 0.289296
0.119500 0.288646
0.119600 0.287997
0.119700 0.287347
0.119800 0.286697
0.119900 0.286048
0.120000 0.285398
0.120100 0.284748
0.120200 0.284098
0.120300 0.283448
0.120400 0.282798
0.120500 0.282148
0.120600 0.281498
0.120700 0.280848
0.120800 0.280198
0.120900 0.279548
0.121000 0.278898
0.121100 0.278248
0.121200 0.277598
0.121300 0.276948
0.121400 0.276298
0.121500 0.275648
0.121600 0.274998
0.121700 0.274349
0.121800 0.273699
0.121900 0.273049
0.122000 0.272399
0.122100 0.271750
0.122200 0.271100
0.122300 0.270450
0.122400 0.269801
0.122500 0.269152
0.122600 0.268502
0.122700 0.267853
0.122800 0.267204
0.122900 0.266555
0.123000 0.265906
0.123100 0.265257
0.123200 0.264608
0.123300 0.263959
0.123400 0.263311
0.123500 0.262662
0.123600 0.262014
0.123700 0.261365
0.123800 0.260717
0.123900 0.260069
0.124000 0.259421
0.124100 0.258774
0.124200 0.258126
0.124300 0.257479
0.124400 0.256831
0.124500 0.256184
0.124600 0.255537
0.124700 0.254891
0.124800 0.254244
0.124900 0.253597
0.125000 0.252951
0.125100 0.252305
0.125200 0.251659
0.125300 0.251014
0.125400 0.250368
0.125500 0.249723
0.125600 0.249078
0.125700 0.248433
0.125800 0.247788
0.125900 0.247143
0.126000 0.246499
0.126100 0.245855
0.126200 0.245211
0.126300 0.244568
0.126400 0.243925
0.126500 0.243281
0.126600 0.242639
0.126700 0.241996
0.126800 0.241354
0.126900 0.240712
0.127000 0.240070
0.127100 0.239428
0.127200 0.238787
0.127300 0.238146
0.127400 0.237505
0.127500 0.236865
0.127600 0.236225
0.127700 0.235585
0.127800 0.234946
0.127900 0.234306
0.128000 0.233668
0.128100 0.233029
0.128200 0.232391
0.128300 0.231753
0.128400 0.231115
0.128500 0.230478
0.128600 0.229841
0.128700 0.229204
0.128800 0.228568
0.128900 0.227932
0.129000 0.227297
0.129100 0.226661
0.129200 0.226026
0.129300 0.225392
0.129400 0.224758
0.129500 0.224124
0.129600 0.223491
0.129700 0.222858
0.129800 0.222225
0.129900 0.221593
0.130000 0.220961
0.130100 0.220330
0.130200 0.219699
0.130300 0.219068
0.130400 0.218438
0.130500 0.217808
0.130600 0.217179
0.130700 0.216550
0.130800 0.215921
0.130900 0.215293
0.131000 0.214666
0.131100 0.214038
0.131200 0.213412
0.131300 0.212785
0.131400 0.212160
0.131500 0.211534
0.131600 0.210909
0.131700 0.210285
0.131800 0.209661
0.131900 0.209037
0.132000 0.208414
0.132100 0.207792
0.132200 0.207170
0.132300 0.206548
0.132400 0.205927
0.132500 0.205307
0.132600 0.204687
0.132700 0.204067
0.132800 0.203448
0.132900 0.202829
0.133000 0.202211
0.133100 0.201594
0.133200 0.200977
0.133300 0.200361
0.133400 0.199745
0.133500 0.199129
0.133600 0.198515
0.133700 0.197900
0.133800 0.197287
0.133900 0.196674
0.134000 0.196061
0.134100 0.195449
0.134200 0.194838
0.134300 0.194227
0.134400 0.193617
0.134500 0.193007
0.134600 0.192398
0.134700 0.191789
0.134800 0.191181
0.134900 0.190574
0.135000 0.189967
0.135100 0.189361
0.135200 0.188756
0.135300 0.188151
0.135400 0.187547
0.135500 0.186943
0.135600 0.186340
0.135700 0.185738
0.135800 0.185136
0.135900 0.184535
0.136000 0.183935
0.136100 0.183335
0.136200 0.182736
0.136300 0.182137
0.136400 0.181540
0.136500 0.180942
0.136600 0.180346
0.136700 0.179750
0.136800 0.179155
0.136900 0.178561
0.137000 0.177967
0.137100 0.177374
0.137200 0.176781
0.137300 0.176190
0.137400 0.175599
0.137500 0.175009
0.137600 0.174419
0.137700 0.173830
0.137800 0.173242
0.137900 0.172655
0.138000 0.172068
0.138100 0.171482
0.138200 0.170897
0.138300 0.170312
0.138400 0.169729
0.138500 0.169146
0.138600 0.168564
0.138700 0.167982
0.138800 0.167401
0.138900 0.166821
0.139000 0.166242
0.139100 0.165664
0.139200 0.165086
0.139300 0.164509
0.139400 0.163933
0.139500 0.163358
0.139600 0.162783
0.139700 0.162210
0.139800 0.161637
0.139900 0.161065
0.140000 0.160493
0.140100 0.159923
0.140200 0.159353
0.140300 0.158784
0.140400 0.158216
0.140500 0.157649
0.140600 0.157082
0.140700 0.156517
0.140800 0.155952
0.140900 0.155388
0.141000 0.154825
0.141100 0.154263
0.141200 0.153701
0.141300 0.153141
0.141400 0.152581
0.141500 0.152022
0.141600 0.151464
0.141700 0.150907
0.141800 0.150351
0.141900 0.149796
0.142000 0.149241
0.142100 0.148688
0.142200 0.148135
0.142300 0.147583
0.142400 0.147032
0.142500 0.146482
0.142600 0.145933
0.142700 0.145385
0.142800 0.144838
0.142900 0.144292
0.143000 0.143746
0.143100 0.143202
0.143200 0.142658
0.143300 0.142115
0.143400 0.141574
0.143500 0.141033
0.143600 0.140493
0.143700 0.139954
0.143800 0.139416
0.143900 0.138879
0.144000 0.138343
0.144100 0.137808
0.144200 0.137274
0.144300 0.136741
0.144400 0.136208
0.144500 0.135677
0.144600 0.135147
0.144700 0.134618
0.144800 0.134089
0.144900 0.133562
0.145000 0.133036
0.145100 0.132510
0.145200 0.131986
0.145300 0.131463
0.145400 0.130940
0.145500 0.130419
0.145600 0.129899
0.145700 0.129379
0.145800 0.128861
0.145900 0.128344
0.146000 0.127828
0.146100 0.127313
0.146200 0.126798
0.146300 0.126285
0.146400 0.125773
0.146500 0.125262
0.146600 0.124752
0.146700 0.124243
0.146800 0.123735
0.146900 0.123228
0.147000 0.122723
0.147100 0.122218
0.147200 0.121714
0.147300 0.121212
0.147400 0.120710
0.147500 0.120210
0.147600 0.119710
0.147700 0.119212
0.147800 0.118715
0.147900 0.118219
0.148000 0.117724
0.148100 0.117230
0.148200 0.116737
0.148300 0.116245
0.148400 0.115755
0.148500 0.115265
0.148600 0.114777
0.148700 0.114290
0.148800 0.113803
0.148900 0.113318
0.149000 0.112835
0.149100 0.112352
0.149200 0.111870
0.149300 0.111390
0.149400 0.110910
0.149500 0.110432
0.149600 0.109955
0.149700 0.109479
0.149800 0.109004
0.149900 0.108531
0.150000 0.108058
0.150100 0.107587
0.150200 0.107117
0.150300 0.106648
0.150400 0.106180
0.150500 0.105714
0.150600 0.105248
0.150700 0.104784
0.150800 0.104321
0.150900 0.103859
0.151000 0.103399
0.151100 0.102939
0.151200 0.102481
0.151300 0.102024
0.151400 0.101568
0.151500 0.101113
0.151600 0.100660
0.151700 0.100207
0.151800 0.099756
0.151900 0.099307
0.152000 0.098858
0.152100 0.098411
0.152200 0.097964
0.152300 0.097520
0.152400 0.097076
0.152500 0.096633
0.152600 0.096192
0.152700 0.095752
0.152800 0.095314
0.152900 0.094876
0.153000 0.094440
0.153100 0.094005
0.153200 0.093571
0.153300 0.093139
0.153400 0.092708
0.153500 0.092278
0.153600 0.091849
0.153700 0.091422
0.153800 0.090996
0.153900 0.090571
0.154000 0.090147
0.154100 0.089725
0.154200 0.089304
0.154300 0.088884
0.154400 0.088466
0.154500 0.088049
0.154600 0.087633
0.154700 0.087219
0.154800 0.086805
0.154900 0.086393
0.155000 0.085983
0.155100 0.085574
0.155200 0.085166
0.155300 0.084759
0.155400 0.084354
0.155500 0.083950
0.155600 0.083547
0.155700 0.083146
0.155800 0.082746
0.155900 0.082347
0.156000 0.081950
0.156100 0.081554
0.156200 0.081159
0.156300 0.080766
0.156400 0.080374
0.156500 0.079983
0.156600 0.079594
0.156700 0.079206
0.156800 0.078819
0.156900 0.078434
0.157000 0.078050
0.157100 0.077668
0.157200 0.077287
0.157300 0.076907
0.157400 0.076529
0.157500 0.076152
0.157600 0.075776
0.157700 0.075402
0.157800 0.075029
0.157900 0.074658
0.158000 0.074288
0.158100 0.073919
0.158200 0.073552
0.158300 0.073186
0.158400 0.072821
0.158500 0.072458
0.158600 0.072097
0.158700 0.071736
0.158800 0.071377
0.158900 0.071020
0.159000 0.070664
0.159100 0.070309
0.159200 0.069956
0.159300 0.069604
0.159400 0.069254
0.159500 0.068905
0.159600 0.068557
0.159700 0.068211
0.159800 0.067867
0.159900 0.067523
0.160000 0.067182
0.160100 0.066841
0.160200 0.066502
0.160300 0.066165
0.160400 0.065829
0.160500 0.065494
0.160600 0.065161
0.160700 0.064830
0.160800 0.064499
0.160900 0.064171
0.161000 0.063843
0.161100 0.063517
0.161200 0.063193
0.161300 0.062870
0.161400 0.062549
0.161500 0.062229
0.161600 0.061910
0.161700 0.061593
0.161800 0.061278
0.161900 0.060964
0.162000 0.060651
0.162100 0.060340
0.162200 0.060030
0.162300 0.059722
0.162400 0.059415
0.162500 0.059110
0.162600 0.058807
0.162700 0.058505
0.162800 0.058204
0.162900 0.057905
0.163000 0.057607
0.163100 0.057311
0.163200 0.057016
0.163300 0.056723
0.163400 0.056431
0.163500 0.056141
0.163600 0.055853
0.163700 0.055566
0.163800 0.055280
0.163900 0.054996
0.164000 0.054713
0.164100 0.054432
0.164200 0.054153
0.164300 0.053875
0.164400 0.053598
0.164500 0.053323
0.164600 0.053050
0.164700 0.052778
0.164800 0.052508
0.164900 0.052239
0.165000 0.051972
0.165100 0.051706
0.165200 0.051442
0.165300 0.051180
0.165400 0.050918
0.165500 0.050659
0.165600 0.050401
0.165700 0.050145
0.165800 0.049890
0.165900 0.049636
0.166000 0.049385
0.166100 0.049135
0.166200 0.048886
0.166300 0.048639
0.166400 0.048393
0.166500 0.048149
0.166600 0.047907
0.166700 0.047666
0.166800 0.047427
0.166900 0.047189
0.167000 0.046953
0.167100 0.046719
0.167200 0.046486
0.167300 0.046255
0.167400 0.046025
0.167500 0.045797
0.167600 0.045570
0.167700 0.045345
0.167800 0.045122
0.167900 0.044900
0.168000 0.044680
0.168100 0.044461
0.168200 0.044244
0.168300 0.044028
0.168400 0.043814
0.168500 0.043602
0.168600 0.043391
0.168700 0.043182
0.168800 0.042975
0.168900 0.042769
0.169000 0.042565
0.169100 0.042362
0.169200 0.042161
0.169300 0.041962
0.169400 0.041764
0.169500 0.041567
0.169600 0.041373
0.169700 0.041180
0.169800 0.040988
0.169900 0.040799
0.170000 0.040610
0.170100 0.040424
0.170200 0.040239
0.170300 0.040056
0.170400 0.039874
0.170500 0.039694
0.170600 0.039516
0.170700 0.039339
0.170800 0.039164
0.170900 0.038990
0.171000 0.038818
0.171100 0.038648
0.171200 0.038479
0.171300 0.038312
0.171400 0.038147
0.171500 0.037983
0.171600 0.037821
0.171700 0.037660
0.171800 0.037501
0.171900 0.037344
0.172000 0.037189
0.172100 0.037035
0.172200 0.036882
0.172300 0.036732
0.172400 0.036583
0.172500 0.036435
0.172600 0.036290
0.172700 0.036146
0.172800 0.036003
0.172900 0.035862
0.173000 0.035723
0.173100 0.035586
0.173200 0.035450
0.173300 0.035316
0.173400 0.035183
0.173500 0.035053
0.173600 0.034923
0.173700 0.034796
0.173800 0.034670
0.173900 0.034546
0.174000 0.034423
0.174100 0.034302
0.174200 0.034183
0.174300 0.034065
0.174400 0.033950
0.174500 0.033835
0.174600 0.033723
0.174700 0.033612
0.174800 0.033503
0.174900 0.033395
0.175000 0.033289
0.175100 0.033185
0.175200 0.033082
0.175300 0.032981
0.175400 0.032882
0.175500 0.032784
0.175600 0.032689
0.175700 0.032594
0.175800 0.032502
0.175900 0.032411
0.176000 0.032322
0.176100 0.032234
0.176200 0.032148
0.176300 0.032064
0.176400 0.031982
0.176500 0.031901
0.176600 0.031822
0.176700 0.031744
0.176800 0.031668
0.176900 0.031594
0.177000 0.031522
0.177100 0.031451
0.177200 0.031382
0.177300 0.031314
0.177400 0.031249
0.177500 0.031185
0.177600 0.031122
0.177700 0.031062
0.177800 0.031003
0.177900 0.030945
0.178000 0.030890
0.178100 0.030836
0.178200 0.030783
0.178300 0.030733
0.178400 0.030684
0.178500 0.030637
0.178600 0.030591
0.178700 0.030547
0.178800 0.030505
0.178900 0.030465
0.179000 0.030426
0.179100 0.030389
0.179200 0.030354
0.179300 0.030320
0.179400 0.030288
0.179500 0.030257
0.179600 0.030229
0.179700 0.030202
0.179800 0.030177
0.179900 0.030153
0.180000 0.030131
0.180100 0.030111
0.180200 0.030092
0.180300 0.030076
0.180400 0.030060
0.180500 0.030047
0.180600 0.030035
0.180700 0.030025
0.180800 0.030017
0.180900 0.030010
0.181000 0.030005
0.181100 0.030002
0.181200 0.030000
0.181300 0.030000
0.181400 0.030002
0.181500 0.030005
0.181600 0.030011
0.181700 0.030017
0.181800 0.030026
0.181900 0.030036
0.182000 0.030048
0.182100 0.030062
0.182200 0.030077
0.182300 0.030094
0.182400 0.030113
0.182500 0.030133
0.182600 0.030155
0.182700 0.030179
0.182800 0.030204
0.182900 0.030231
0.183000 0.030260
0.183100 0.030290
0.183200 0.030323
0.183300 0.030357
0.183400 0.030392
0.183500 0.030429
0.183600 0.030468
0.183700 0.030509
0.183800 0.030551
0.183900 0.030595
0.184000 0.030641
0.184100 0.030688
0.184200 0.030737
0.184300 0.030788
0.184400 0.030840
0.184500 0.030894
0.184600 0.030950
0.184700 0.031008
0.184800 0.031067
0.184900 0.031128
0.185000 0.031190
0.185100 0.031254
0.185200 0.031320
0.185300 0.031388
0.185400 0.031457
0.185500 0.031528
0.185600 0.031600
0.185700 0.031675
0.185800 0.031751
0.185900 0.031828
0.186000 0.031908
0.186100 0.031989
0.186200 0.032071
0.186300 0.032156
0.186400 0.032242
0.186500 0.032329
0.186600 0.032419
0.186700 0.032510
0.186800 0.032602
0.186900 0.032697
0.187000 0.032793
0.187100 0.032890
0.187200 0.032990
0.187300 0.033091
0.187400 0.033194
0.187500 0.033298
0.187600 0.033404
0.187700 0.033512
0.187800 0.033621
0.187900 0.033732
0.188000 0.033845
0.188100 0.033959
0.188200 0.034075
0.188300 0.034193
0.188400 0.034313
0.188500 0.034434
0.188600 0.034556
0.188700 0.034681
0.188800 0.034807
0.188900 0.034934
0.189000 0.035064
0.189100 0.035195
0.189200 0.035327
0.189300 0.035462
0.189400 0.035598
0.189500 0.035735
0.189600 0.035874
0.189700 0.036015
0.189800 0.036158
0.189900 0.036302
0.190000 0.036448
0.190100 0.036595
0.190200 0.036745
0.190300 0.036895
0.190400 0.037048
0.190500 0.037202
0.190600 0.037358
0.190700 0.037515
0.190800 0.037674
0.190900 0.037835
0.191000 0.037997
0.191100 0.038161
0.191200 0.038326
0.191300 0.038493
0.191400 0.038662
0.191500 0.038833
0.191600 0.039005
0.191700 0.039178
0.191800 0.039354
0.191900 0.039531
0.192000 0.039709
0.192100 0.039889
0.192200 0.040071
0.192300 0.040255
0.192400 0.040440
0.192500 0.040627
0.192600 0.040815
0.192700 0.041005
0.192800 0.041196
0.192900 0.041389
0.193000 0.041584
0.193100 0.041781
0.193200 0.041979
0.193300 0.042178
0.193400 0.042379
0.193500 0.042582
0.193600 0.042787
0.193700 0.042993
0.193800 0.043200
0.193900 0.043409
0.194000 0.043620
0.194100 0.043833
0.194200 0.044047
0.194300 0.044262
0.194400 0.044479
0.194500 0.044698
0.194600 0.044919
0.194700 0.045141
0.194800 0.045364
0.194900 0.045589
0.195000 0.045816
0.195100 0.046044
0.195200 0.046274
0.195300 0.046506
0.195400 0.046739
0.195500 0.046973
0.195600 0.047210
0.195700 0.047447
0.195800 0.047687
0.195900 0.047928
0.196000 0.048170
0.196100 0.048414
0.196200 0.048660
0.196300 0.048907
0.196400 0.049156
0.196500 0.049406
0.196600 0.049658
0.196700 0.049911
0.196800 0.050166
0.196900 0.050423
0.197000 0.050681
0.197100 0.050941
0.197200 0.051202
0.197300 0.051465
0.197400 0.051729
0.197500 0.051995
0.197600 0.052262
0.197700 0.052531
0.197800 0.052801
0.197900 0.053073
0.198000 0.053347
0.198100 0.053622
0.198200 0.053899
0.198300 0.054177
0.198400 0.054456
0.198500 0.054737
0.198600 0.055020
0.198700 0.055304
0.198800 0.055590
0.198900 0.055877
0.199000 0.056166
0.199100 0.056456
0.199200 0.056748
0.199300 0.057041
0.199400 0.057336
0.199500 0.057632
0.199600 0.057930
0.199700 0.058229
0.199800 0.058530
0.199900 0.058833
0.200000 0.059136
0.200100 0.059442
0.200200 0.059748
0.200300 0.060057
0.200400 0.060366
0.200500 0.060678
0.200600 0.060990
0.200700 0.061305
0.200800 0.061620
0.200900 0.061937
0.201000 0.062256
0.201100 0.062576
0.201200 0.062898
0.201300 0.063221
0.201400 0.063545
0.201500 0.063871
0.201600 0.064199
0.201700 0.064527
0.201800 0.064858
0.201900 0.065190
0.202000 0.065523
0.202100 0.065858
0.202200 0.066194
0.202300 0.066531
0.202400 0.066870
0.202500 0.067211
0.202600 0.067553
0.202700 0.067896
0.202800 0.068241
0.202900 0.068587
0.203000 0.068935
0.203100 0.069284
0.203200 0.069634
0.203300 0.069986
0.203400 0.070339
0.203500 0.070694
0.203600 0.071050
0.203700 0.071408
0.203800 0.071767
0.203900 0.072127
0.204000 0.072489
0.204100 0.072852
0.204200 0.073217
0.204300 0.073583
0.204400 0.073950
0.204500 0.074319
0.204600 0.074689
0.204700 0.075061
0.204800 0.075434
0.204900 0.075808
0.205000 0.076184
0.205100 0.076561
0.205200 0.076940
0.205300 0.077319
0.205400 0.077701
0.205500 0.078083
0.205600 0.078467
0.205700 0.078852
0.205800 0.079239
0.205900 0.079627
0.206000 0.080016
0.206100 0.080407
0.206200 0.080799
0.206300 0.081193
0.206400 0.081588
0.206500 0.081984
0.206600 0.082381
0.206700 0.082780
0.206800 0.083180
0.206900 0.083581
0.207000 0.083984
0.207100 0.084388
0.207200 0.084794
0.207300 0.085200
0.207400 0.085609
0.207500 0.086018
0.207600 0.086429
0.207700 0.086841
0.207800 0.087254
0.207900 0.087669
0.208000 0.088084
0.208100 0.088502
0.208200 0.088920
0.208300 0.089340
0.208400 0.089761
0.208500 0.090183
0.208600 0.090607
0.208700 0.091032
0.208800 0.091458
0.208900 0.091886
0.209000 0.092314
0.209100 0.092744
0.209200 0.093176
0.209300 0.093608
0.209400 0.094042
0.209500 0.094477
0.209600 0.094913
0.209700 0.095351
0.209800 0.095790
0.209900 0.096230
0.210000 0.096671
0.210100 0.097114
0.210200 0.097558
0.210300 0.098003
0.210400 0.098449
0.210500 0.098896
0.210600 0.099345
0.210700 0.099795
0.210800 0.100246
0.210900 0.100698
0.211000 0.101152
0.211100 0.101607
0.211200 0.102063
0.211300 0.102520
0.211400 0.102978
0.211500 0.103438
0.211600 0.103899
0.211700 0.104361
0.211800 0.104824
0.211900 0.105288
0.212000 0.105754
0.212100 0.106220
0.212200 0.106688
0.212300 0.107157
0.212400 0.107627
0.212500 0.108099
0.212600 0.108571
0.212700 0.109045
0.212800 0.109520
0.212900 0.109996
0.213000 0.110473
0.213100 0.110951
0.213200 0.111431
0.213300 0.111911
0.213400 0.112393
0.213500 0.112876
0.213600 0.113360
0.213700 0.113845
0.213800 0.114331
0.213900 0.114819
0.214000 0.115307
0.214100 0.115797
0.214200 0.116287
0.214300 0.116779
0.214400 0.117272
0.214500 0.117766
0.214600 0.118261
0.214700 0.118757
0.214800 0.119255
0.214900 0.119753
0.215000 0.120252
0.215100 0.120753
0.215200 0.121254
0.215300 0.121757
0.215400 0.122261
0.215500 0.122766
0.215600 0.123272
0.215700 0.123779
0.215800 0.124287
0.215900 0.124796
0.216000 0.125306
0.216100 0.125817
0.216200 0.126329
0.216300 0.126842
0.216400 0.127356
0.216500 0.127872
0.216600 0.128388
0.216700 0.128905
0.216800 0.129424
0.216900 0.129943
0.217000 0.130464
0.217100 0.130985
0.217200 0.131507
0.217300 0.132031
0.217400 0.132555
0.217500 0.133081
0.217600 0.133607
0.217700 0.134134
0.217800 0.134663
0.217900 0.135192
0.218000 0.135723
0.218100 0.136254
0.218200 0.136786
0.218300 0.137319
0.218400 0.137854
0.218500 0.138389
0.218600 0.138925
0.218700 0.139462
0.218800 0.140000
0.218900 0.140539
0.219000 0.141079
0.219100 0.141620
0.219200 0.142162
0.219300 0.142704
0.219400 0.143248
0.219500 0.143793
0.219600 0.144338
0.219700 0.144885
0.219800 0.145432
0.219900 0.145980
0.220000 0.146529
0.220100 0.147079
0.220200 0.147630
0.220300 0.148182
0.220400 0.148735
0.220500 0.149289
0.220600 0.149843
0.220700 0.150399
0.220800 0.150955
0.220900 0.151512
0.221000 0.152070
0.221100 0.152629
0.221200 0.153189
0.221300 0.153749
0.221400 0.154311
0.221500 0.154873
0.221600 0.155436
0.221700 0.156000
0.221800 0.156565
0.221900 0.157131
0.222000 0.157697
0.222100 0.158264
0.222200 0.158833
0.222300 0.159402
0.222400 0.159971
0.222500 0.160542
0.222600 0.161113
0.222700 0.161686
0.222800 0.162259
0.222900 0.162832
0.223000 0.163407
0.223100 0.163982
0.223200 0.164558
0.223300 0.165135
0.223400 0.165713
0.223500 0.166292
0.223600 0.166871
0.223700 0.167451
0.223800 0.168032
0.223900 0.168613
0.224000 0.169196
0.224100 0.169779
0.224200 0.170362
0.224300 0.170947
0.224400 0.171532
0.224500 0.172118
0.224600 0.172705
0.224700 0.173292
0.224800 0.173880
0.224900 0.174469
0.225000 0.175059
0.225100 0.175649
0.225200 0.176240
0.225300 0.176832
0.225400 0.177424
0.225500 0.178018
0.225600 0.178611
0.225700 0.179206
0.225800 0.179801
0.225900 0.180397
0.226000 0.180993
0.226100 0.181591
0.226200 0.182188
0.226300 0.182787
0.226400 0.183386
0.226500 0.183986
0.226600 0.184586
0.226700 0.185188
0.226800 0.185789
0.226900 0.186392
0.227000 0.186995
0.227100 0.187598
0.227200 0.188203
0.227300 0.188808
0.227400 0.189413
0.227500 0.190019
0.227600 0.190626
0.227700 0.191233
0.227800 0.191841
0.227900 0.192450
0.228000 0.193059
0.228100 0.193669
0.228200 0.194279
0.228300 0.194890
0.228400 0.195501
0.228500 0.196113
0.228600 0.196726
0.228700 0.197339
0.228800 0.197953
0.228900 0.198567
0.229000 0.199182
0.229100 0.199797
0.229200 0.200413
0.229300 0.201030
0.229400 0.201647
0.229500 0.202264
0.229600 0.202882
0.229700 0.203501
0.229800 0.204120
0.229900 0.204739
0.230000 0.205360
0.230100 0.205980
0.230200 0.206601
0.230300 0.207223
0.230400 0.207845
0.230500 0.208468
0.230600 0.209091
0.230700 0.209714
0.230800 0.210338
0.230900 0.210963
0.231000 0.211588
0.231100 0.212213
0.231200 0.212839
0.231300 0.213465
0.231400 0.214092
0.231500 0.214719
0.231600 0.215347
0.231700 0.215975
0.231800 0.216604
0.231900 0.217233
0.232000 0.217862
0.232100 0.218492
0.232200 0.219122
0.232300 0.219753
0.232400 0.220384
0.232500 0.221015
0.232600 0.221647
0.232700 0.222279
0.232800 0.222912
0.232900 0.223545
0.233000 0.224178
0.233100 0.224812
0.233200 0.225446
0.233300 0.226081
0.233400 0.226716
0.233500 0.227351
0.233600 0.227986
0.233700 0.228622
0.233800 0.229259
0.233900 0.229895
0.234000 0.230532
0.234100 0.231170
0.234200 0.231807
0.234300 0.232445
0.234400 0.233084
0.234500 0.233722
0.234600 0.234361
0.234700 0.235000
0.234800 0.235640
0.234900 0.236280
0.235000 0.236920
0.235100 0.237560
0.235200 0.238201
0.235300 0.238842
0.235400 0.239483
0.235500 0.240125
0.235600 0.240767
0.235700 0.241409
0.235800 0.242051
0.235900 0.242694
0.236000 0.243336
0.236100 0.243979
0.236200 0.244623
0.236300 0.245266
0.236400 0.245910
0.236500 0.246554
0.236600 0.247199
0.236700 0.247843
0.236800 0.248488
0.236900 0.249133
0.237000 0.249778
0.237100 0.250423
0.237200 0.251069
0.237300 0.251714
0.237400 0.252360
0.237500 0.253006
0.237600 0.253653
0.237700 0.254299
0.237800 0.254946
0.237900 0.255593
0.238000 0.256240
0.238100 0.256887
0.238200 0.257534
0.238300 0.258181
0.238400 0.258829
0.238500 0.259477
0.238600 0.260125
0.238700 0.260773
0.238800 0.261421
0.238900 0.262069
0.239000 0.262717
0.239100 0.263366
0.239200 0.264015
0.239300 0.264663
0.239400 0.265312
0.239500 0.265961
0.239600 0.266610
0.239700 0.267259
0.239800 0.267908
0.239900 0.268558
0.240000 0.269207
0.240100 0.269856
0.240200 0.270506
0.240300 0.271156
0.240400 0.271805
0.240500 0.272455
0.240600 0.273105
0.240700 0.273754
0.240800 0.274404
0.240900 0.275054
0.241000 0.275704
0.241100 0.276354
0.241200 0.277004
0.241300 0.277654
0.241400 0.278304
0.241500 0.278954
0.241600 0.279604
0.241700 0.280254
0.241800 0.280904
0.241900 0.281554
0.242000 0.282204
0.242100 0.282854
0.242200 0.283504
0.242300 0.284153
0.242400 0.284803
0.242500 0.285453
0.242600 0.286103
0.242700 0.286753
0.242800 0.287403
0.242900 0.288052
0.243000 0.288702
0.243100 0.289351
0.243200 0.290001
0.243300 0.290650
0.243400 0.291300
0.243500 0.291949
0.243600 0.292598
0.243700 0.293247
0.243800 0.293897
0.243900 0.294545
0.244000 0.295194
0.244100 0.295843
0.244200 0.296492
0.244300 0.297140
0.244400 0.297789
0.244500 0.298437
0.244600 0.299085
0.244700 0.299733
0.244800 0.300381
0.244900 0.301029
0.245000 0.301676
0.245100 0.302324
0.245200 0.302971
0.245300 0.303618
0.245400 0.304265
0.245500 0.304912
0.245600 0.305559
0.245700 0.306205
0.245800 0.306852
0.245900 0.307498
0.246000 0.308144
0.246100 0.308790
0.246200 0.309435
0.246300 0.310081
0.246400 0.310726
0.246500 0.311371
0.246600 0.312016
0.246700 0.312660
0.246800 0.313304
0.246900 0.313948
0.247000 0.314592
0.247100 0.315236
0.247200 0.315879
0.247300 0.316522
0.247400 0.317165
0.247500 0.317808
0.247600 0.318450
0.247700 0.319093
0.247800 0.319734
0.247900 0.320376
0.248000 0.321017
0.248100 0.321658
0.248200 0.322299
0.248300 0.322940
0.248400 0.323580
0.248500 0.324220
0.248600 0.324859
0.248700 0.325499
0.248800 0.326138
0.248900 0.326776
0.249000 0.327415
0.249100 0.328053
0.249200 0.328690
0.249300 0.329328
0.249400 0.329965
0.249500 0.330602
0.249600 0.331238
0.249700 0.331874
0.249800 0.332510
0.249900 0.333145
0.250000 0.333780
0.250100 0.334415
0.250200 0.335049
0.250300 0.335683
0.250400 0.336316
0.250500 0.336949
0.250600 0.337582
0.250700 0.338214
0.250800 0.338846
0.250900 0.339478
0.251000 0.340109
0.251100 0.340740
0.251200 0.341370
0.251300 0.342000
0.251400 0.342629
0.251500 0.343258
0.251600 0.343887
0.251700 0.344515
0.251800 0.345143
0.251900 0.345770
0.252000 0.346397
0.252100 0.347024
0.252200 0.347650
0.252300 0.348275
0.252400 0.348900
0.252500 0.349525
0.252600 0.350149
0.252700 0.350773
0.252800 0.351396
0.252900 0.352018
0.253000 0.352641
0.253100 0.353262
0.253200 0.353884
0.253300 0.354504
0.253400 0.355124
0.253500 0.355744
0.253600 0.356363
0.253700 0.356982
0.253800 0.357600
0.253900 0.358218
0.254000 0.358835
0.254100 0.359452
0.254200 0.360068
0.254300 0.360683
0.254400 0.361298
0.254500 0.361912
0.254600 0.362526
0.254700 0.363140
0.254800 0.363752
0.254900 0.364364
0.255000 0.364976
0.255100 0.365587
0.255200 0.366197
0.255300 0.366807
0.255400 0.367417
0.255500 0.368025
0.255600 0.368633
0.255700 0.369241
0.255800 0.369848
0.255900 0.370454
0.256000 0.371060
0.256100 0.371665
0.256200 0.372269
0.256300 0.372873
0.256400 0.373476
0.256500 0.374079
0.256600 0.374680
0.256700 0.375282
0.256800 0.375882
0.256900 0.376482
0.257000 0.377082
0.257100 0.377680
0.257200 0.378278
0.257300 0.378876
0.257400 0.379472
0.257500 0.380068
0.257600 0.380664
0.257700 0.381258
0.257800 0.381852
0.257900 0.382445
0.258000 0.383038
0.258100 0.383630
0.258200 0.384221
0.258300 0.384812
0.258400 0.385401
0.258500 0.385990
0.258600 0.386579
0.258700 0.387166
0.258800 0.387753
0.258900 0.388339
0.259000 0.388925
0.259100 0.389509
0.259200 0.390093
0.259300 0.390677
0.259400 0.391259
0.259500 0.391841
0.259600 0.392422
0.259700 0.393002
0.259800 0.393581
0.259900 0.394160
0.260000 0.394738
0.260100 0.395315
0.260200 0.395891
0.260300 0.396467
0.260400 0.397042
0.260500 0.397616
0.260600 0.398189
0.260700 0.398761
0.260800 0.399333
0.260900 0.399903
0.261000 0.400473
0.261100 0.401043
0.261200 0.401611
0.261300 0.402178
0.261400 0.402745
0.261500 0.403311
0.261600 0.403876
0.261700 0.404440
0.261800 0.405003
0.261900 0.405566
0.262000 0.406128
0.262100 0.406688
0.262200 0.407248
0.262300 0.407807
0.262400 0.408366
0.262500 0.408923
0.262600 0.409479
0.262700 0.410035
0.262800 0.410590
0.262900 0.411144
0.263000 0.411696
0.263100 0.412249
0.263200 0.412800
0.263300 0.413350
0.263400 0.413899
0.263500 0.414448
0.263600 0.414995
0.263700 0.415542
0.263800 0.416088
0.263900 0.416632
0.264000 0.417176
0.264100 0.417719
0.264200 0.418261
0.264300 0.418802
0.264400 0.419342
0.264500 0.419882
0.264600 0.420420
0.264700 0.420957
0.264800 0.421494
0.264900 0.422029
0.265000 0.422563
0.265100 0.423097
0.265200 0.423629
0.265300 0.424161
0.265400 0.424692
0.265500 0.425221
0.265600 0.425750
0.265700 0.426277
0.265800 0.426804
0.265900 0.427330
0.266000 0.427854
0.266100 0.428378
0.266200 0.428900
0.266300 0.429422
0.266400 0.429943
0.266500 0.430462
0.266600 0.430981
0.266700 0.431498
0.266800 0.432015
0.266900 0.432531
0.267000 0.433045
0.267100 0.433558
0.267200 0.434071
0.267300 0.434582
0.267400 0.435093
0.267500 0.435602
0.267600 0.436110
0.267700 0.436617
0.267800 0.437123
0.267900 0.437628
0.268000 0.438132
0.268100 0.438635
0.268200 0.439137
0.268300 0.439638
0.268400 0.440138
0.268500 0.440636
0.268600 0.441134
0.268700 0.441630
0.268800 0.442125
0.268900 0.442620
0.269000 0.443113
0.269100 0.443605
0.269200 0.444096
0.269300 0.444586
0.269400 0.445074
0.269500 0.445562
0.269600 0.446048
0.269700 0.446534
0.269800 0.447018
0.269900 0.447501
0.270000 0.447983
0.270100 0.448464
0.270200 0.448944
0.270300 0.449422
0.270400 0.449900
0.270500 0.450376
0.270600 0.450851
0.270700 0.451325
0.270800 0.451798
0.270900 0.452269
0.271000 0.452740
0.271100 0.453209
0.271200 0.453677
0.271300 0.454144
0.271400 0.454610
0.271500 0.455074
0.271600 0.455538
0.271700 0.456000
0.271800 0.456461
0.271900 0.456921
0.272000 0.457380
0.272100 0.457837
0.272200 0.458293
0.272300 0.458748
0.272400 0.459202
0.272500 0.459655
0.272600 0.460106
0.272700 0.460556
0.272800 0.461005
0.272900 0.461453
0.273000 0.461900
0.273100 0.462345
0.273200 0.462789
0.273300 0.463232
0.273400 0.463673
0.273500 0.464114
0.273600 0.464553
0.273700 0.464991
0.273800 0.465427
0.273900 0.465863
0.274000 0.466297
0.274100 0.466729
0.274200 0.467161
0.274300 0.467591
0.274400 0.468020
0.274500 0.468448
0.274600 0.468875
0.274700 0.469300
0.274800 0.469724
0.274900 0.470146
0.275000 0.470568
0.275100 0.470988
0.275200 0.471407
0.275300 0.471824
0.275400 0.472240
0.275500 0.472655
0.275600 0.473069
0.275700 0.473481
0.275800 0.473892
0.275900 0.474302
0.276000 0.474710
0.276100 0.475117
0.276200 0.475523
0.276300 0.475927
0.276400 0.476330
0.276500 0.476732
0.276600 0.477132
0.276700 0.477532
0.276800 0.477929
0.276900 0.478326
0.277000 0.478721
0.277100 0.479114
0.277200 0.479507
0.277300 0.479898
0.277400 0.480288
0.277500 0.480676
0.277600 0.481063
0.277700 0.481448
0.277800 0.481833
0.277900 0.482216
0.278000 0.482597
0.278100 0.482977
0.278200 0.483356
0.278300 0.483733
0.278400 0.484109
0.278500 0.484484
0.278600 0.484857
0.278700 0.485229
0.278800 0.485600
0.278900 0.485969
0.279000 0.486336
0.279100 0.486703
0.279200 0.487068
0.279300 0.487431
0.279400 0.487793
0.279500 0.488154
0.279600 0.488513
0.279700 0.488871
0.279800 0.489228
0.279900 0.489583
0.280000 0.489936
0.280100 0.490289
0.280200 0.490639
0.280300 0.490989
0.280400 0.491337
0.280500 0.491683
0.280600 0.492028
0.280700 0.492372
0.280800 0.492714
0.280900 0.493055
0.281000 0.493394
0.281100 0.493732
0.281200 0.494069
0.281300 0.494404
0.281400 0.494737
0.281500 0.495069
0.281600 0.495400
0.281700 0.495729
0.281800 0.496057
0.281900 0.496383
0.282000 0.496708
0.282100 0.497032
0.282200 0.497353
0.282300 0.497674
0.282400 0.497993
0.282500 0.498310
0.282600 0.498626
0.282700 0.498941
0.282800 0.499254
0.282900 0.499565
0.283000 0.499875
0.283100 0.500184
0.283200 0.500491
0.283300 0.500797
0.283400 0.501101
0.283500 0.501404
0.283600 0.501705
0.283700 0.502004
0.283800 0.502302
0.283900 0.502599
0.284000 0.502894
0.284100 0.503188
0.284200 0.503480
0.284300 0.503770
0.284400 0.504060
0.284500 0.504347
0.284600 0.504633
0.284700 0.504918
0.284800 0.505201
0.284900 0.505482
0.285000 0.505762
0.285100 0.506041
0.285200 0.506317
0.285300 0.506593
0.285400 0.506867
0.285500 0.507139
0.285600 0.507410
0.285700 0.507679
0.285800 0.507947
0.285900 0.508213
0.286000 0.508478
0.286100 0.508741
0.286200 0.509002
0.286300 0.509262
0.286400 0.509521
0.286500 0.509777
0.286600 0.510033
0.286700 0.510287
0.286800 0.510539
0.286900 0.510789
0.287000 0.511038
0.287100 0.511286
0.287200 0.511532
0.287300 0.511776
0.287400 0.512019
0.287500 0.512260
0.287600 0.512500
0.287700 0.512738
0.287800 0.512975
0.287900 0.513210
0.288000 0.513443
0.288100 0.513675
0.288200 0.513905
0.288300 0.514134
0.288400 0.514361
0.288500 0.514587
0.288600 0.514810
0.288700 0.515033
0.288800 0.515254
0.288900 0.515473
0.289000 0.515690
0.289100 0.515906
0.289200 0.516121
0.289300 0.516333
0.289400 0.516544
0.289500 0.516754
0.289600 0.516962
0.289700 0.517168
0.289800 0.517373
0.289900 0.517576
0.290000 0.517778
0.290100 0.517978
0.290200 0.518176
0.290300 0.518373
0.290400 0.518568
0.290500 0.518761
0.290600 0.518953
0.290700 0.519144
0.290800 0.519332
0.290900 0.519519
0.291000 0.519705
0.291100 0.519889
0.291200 0.520071
0.291300 0.520251
0.291400 0.520430
0.291500 0.520608
0.291600 0.520783
0.291700 0.520957
0.291800 0.521130
0.291900 0.521300
0.292000 0.521470
0.292100 0.521637
0.292200 0.521803
0.292300 0.521967
0.292400 0.522130
0.292500 0.522291
0.292600 0.522450
0.292700 0.522608
0.292800 0.522764
0.292900 0.522919
0.293000 0.523071
0.293100 0.523222
0.293200 0.523372
0.293300 0.523520
0.293400 0.523666
0.293500 0.523811
0.293600 0.523954
0.293700 0.524095
0.293800 0.524234
0.293900 0.524372
0.294000 0.524509
0.294100 0.524643
0.294200 0.524776
0.294300 0.524908
0.294400 0.525037
0.294500 0.525165
0.294600 0.525292
0.294700 0.525417
0.294800 0.525540
0.294900 0.525661
0.295000 0.525781
0.295100 0.525899
0.295200 0.526015
0.295300 0.526130
0.295400 0.526243
0.295500 0.526355
0.295600 0.526464
0.295700 0.526572
0.295800 0.526679
0.295900 0.526784
0.296000 0.526887
0.296100 0.526988
0.296200 0.527088
0.296300 0.527186
0.296400 0.527282
0.296500 0.527377
0.296600 0.527470
0.296700 0.527562
0.296800 0.527651
0.296900 0.527739
0.297000 0.527826
0.297100 0.527910
0.297200 0.527993
0.297300 0.528075
0.297400 0.528155
0.297500 0.528233
0.297600 0.528309
0.297700 0.528383
0.297800 0.528456
0.297900 0.528528
0.298000 0.528597
0.298100 0.528665
0.298200 0.528731
0.298300 0.528796
0.298400 0.528859
0.298500 0.528920
0.298600 0.528980
0.298700 0.529037
0.298800 0.529094
0.298900 0.529148
0.299000 0.529201
0.299100 0.529252
0.299200 0.529301
0.299300 0.529349
0.299400 0.529395
0.299500 0.529439
0.299600 0.529482
0.299700 0.529523
0.299800 0.529562
0.299900 0.529600
0.300000 0.529636
0.300100 0.529670
0.300200 0.529703
0.300300 0.529733
0.300400 0.529763
0.300500 0.529790
0.300600 0.529816
0.300700 0.529840
0.300800 0.529862
0.300900 0.529883
0.301000 0.529902
0.301100 0.529919
0.301200 0.529935
0.301300 0.529949
0.301400 0.529961
0.301500 0.529972
0.301600 0.529981
0.301700 0.529988
0.301800 0.529994
0.301900 0.529997
0.302000 0.530000
0.302100 0.530000
0.302200 0.529999
0.302300 0.529996
0.302400 0.529991
0.302500 0.529985
0.302600 0.529977
0.302700 0.529967
0.302800 0.529956
0.302900 0.529943
0.303000 0.529928
0.303100 0.529911
0.303200 0.529893
0.303300 0.529873
0.303400 0.529852
0.303500 0.529829
0.303600 0.529804
0.303700 0.529777
0.303800 0.529749
0.303900 0.529719
0.304000 0.529687
0.304100 0.529654
0.304200 0.529619
0.304300 0.529582
0.304400 0.529544
0.304500 0.529504
0.304600 0.529462
0.304700 0.529419
0.304800 0.529373
0.304900 0.529327
0.305000 0.529278
0.305100 0.529228
0.305200 0.529176
0.305300 0.529122
0.305400 0.529067
0.305500 0.529010
0.305600 0.528951
0.305700 0.528891
0.305800 0.528829
0.305900 0.528766
0.306000 0.528700
0.306100 0.528633
0.306200 0.528564
0.306300 0.528494
0.306400 0.528422
0.306500 0.528348
0.306600 0.528273
0.306700 0.528196
0.306800 0.528117
0.306900 0.528036
0.307000 0.527954
0.307100 0.527870
0.307200 0.527785
0.307300 0.527698
0.307400 0.527609
0.307500 0.527518
0.307600 0.527426
0.307700 0.527332
0.307800 0.527237
0.307900 0.527140
0.308000 0.527041
0.308100 0.526940
0.308200 0.526838
0.308300 0.526734
0.308400 0.526628
0.308500 0.526521
0.308600 0.526412
0.308700 0.526302
0.308800 0.526190
0.308900 0.526076
0.309000 0.525960
0.309100 0.525843
0.309200 0.525724
0.309300 0.525603
0.309400 0.525481
0.309500 0.525357
0.309600 0.525232
0.309700 0.525105
0.309800 0.524976
0.309900 0.524845
0.310000 0.524713
0.310100 0.524579
0.310200 0.524444
0.310300 0.524307
0.310400 0.524168
0.310500 0.524028
0.310600 0.523886
0.310700 0.523742
0.310800 0.523597
0.310900 0.523450
0.311000 0.523301
0.311100 0.523151
0.311200 0.522999
0.311300 0.522845
0.311400 0.522690
0.311500 0.522533
0.311600 0.522375
0.311700 0.522215
0.311800 0.522053
0.311900 0.521889
0.312000 0.521724
0.312100 0.521558
0.312200 0.521389
0.312300 0.521219
0.312400 0.521048
0.312500 0.520875
0.312600 0.520700
0.312700 0.520523
0.312800 0.520345
0.312900 0.520166
0.313000 0.519984
0.313100 0.519801
0.313200 0.519617
0.313300 0.519431
0.313400 0.519243
0.313500 0.519053
0.313600 0.518862
0.313700 0.518670
0.313800 0.518475
0.313900 0.518279
0.314000 0.518082
0.314100 0.517883
0.314200 0.517682
0.314300 0.517480
0.314400 0.517276
0.314500 0.517070
0.314600 0.516863
0.314700 0.516655
0.314800 0.516444
0.314900 0.516232
0.315000 0.516019
0.315100 0.515804
0.315200 0.515587
0.315300 0.515369
0.315400 0.515149
0.315500 0.514927
0.315600 0.514704
0.315700 0.514479
0.315800 0.514253
0.315900 0.514025
0.316000 0.513796
0.316100 0.513565
0.316200 0.513332
0.316300 0.513098
0.316400 0.512863
0.316500 0.512625
0.316600 0.512386
0.316700 0.512146
0.316800 0.511904
0.316900 0.511660
0.317000 0.511415
0.317100 0.511168
0.317200 0.510920
0.317300 0.510670
0.317400 0.510419
0.317500 0.510166
0.317600 0.509911
0.317700 0.509655
0.317800 0.509398
0.317900 0.509139
0.318000 0.508878
0.318100 0.508616
0.318200 0.508352
0.318300 0.508086
0.318400 0.507820
0.318500 0.507551
0.318600 0.507281
0.318700 0.507010
0.318800 0.506737
0.318900 0.506462
0.319000 0.506186
0.319100 0.505908
0.319200 0.505629
0.319300 0.505348
0.319400 0.505066
0.319500 0.504783
0.319600 0.504497
0.319700 0.504211
0.319800 0.503922
0.319900 0.503632
0.320000 0.503341
0.320100 0.503048
0.320200 0.502754
0.320300 0.502458
0.320400 0.502161
0.320500 0.501862
0.320600 0.501562
0.320700 0.501260
0.320800 0.500956
0.320900 0.500652
0.321000 0.500345
0.321100 0.500037
0.321200 0.499728
0.321300 0.499417
0.321400 0.499105
0.321500 0.498791
0.321600 0.498476
0.321700 0.498159
0.321800 0.497841
0.321900 0.497522
0.322000 0.497201
0.322100 0.496878
0.322200 0.496554
0.322300 0.496228
0.322400 0.495901
0.322500 0.495573
0.322600 0.495243
0.322700 0.494912
0.322800 0.494579
0.322900 0.494245
0.323000 0.493909
0.323100 0.493572
0.323200 0.493233
0.323300 0.492893
0.323400 0.492552
0.323500 0.492209
0.323600 0.491864
0.323700 0.491519
0.323800 0.491171
0.323900 0.490823
0.324000 0.490473
0.324100 0.490121
0.324200 0.489768
0.324300 0.489414
0.324400 0.489058
0.324500 0.488701
0.324600 0.488343
0.324700 0.487983
0.324800 0.487621
0.324900 0.487258
0.325000 0.486894
0.325100 0.486529
0.325200 0.486162
0.325300 0.485793
0.325400 0.485424
0.325500 0.485052
0.325600 0.484680
0.325700 0.484306
0.325800 0.483931
0.325900 0.483554
0.326000 0.483176
0.326100 0.482797
0.326200 0.482416
0.326300 0.482034
0.326400 0.481650
0.326500 0.481265
0.326600 0.480879
0.326700 0.480491
0.326800 0.480102
0.326900 0.479712
0.327000 0.479320
0.327100 0.478927
0.327200 0.478533
0.327300 0.478137
0.327400 0.477740
0.327500 0.477342
0.327600 0.476942
0.327700 0.476541
0.327800 0.476139
0.327900 0.475735
0.328000 0.475330
0.328100 0.474924
0.328200 0.474516
0.328300 0.474107
0.328400 0.473697
0.328500 0.473285
0.328600 0.472872
0.328700 0.472458
0.328800 0.472043
0.328900 0.471626
0.329000 0.471208
0.329100 0.470788
0.329200 0.470368
0.329300 0.469946
0.329400 0.469522
0.329500 0.469098
0.329600 0.468672
0.329700 0.468245
0.329800 0.467816
0.329900 0.467387
0.330000 0.466956
0.330100 0.466524
0.330200 0.466090
0.330300 0.465656
0.330400 0.465220
0.330500 0.464783
0.330600 0.464344
0.330700 0.463904
0.330800 0.463463
0.330900 0.463021
0.331000 0.462578
0.331100 0.462133
0.331200 0.461687
0.331300 0.461240
0.331400 0.460792
0.331500 0.460342
0.331600 0.459892
0.331700 0.459440
0.331800 0.458986
0.331900 0.458532
0.332000 0.458076
0.332100 0.457620
0.332200 0.457162
0.332300 0.456702
0.332400 0.456242
0.332500 0.455780
0.332600 0.455318
0.332700 0.454854
0.332800 0.454388
0.332900 0.453922
0.333000 0.453455
0.333100 0.452986
0.333200 0.452516
0.333300 0.452045
0.333400 0.451573
0.333500 0.451100
0.333600 0.450625
0.333700 0.450149
0.333800 0.449673
0.333900 0.449195
0.334000 0.448716
0.334100 0.448235
0.334200 0.447754
0.334300 0.447271
0.334400 0.446788
0.334500 0.446303
0.334600 0.445817
0.334700 0.445330
0.334800 0.444842
0.334900 0.444353
0.335000 0.443862
0.335100 0.443371
0.335200 0.442878
0.335300 0.442385
0.335400 0.441890
0.335500 0.441394
0.335600 0.440897
0.335700 0.440399
0.335800 0.439900
0.335900 0.439400
0.336000 0.438899
0.336100 0.438396
0.336200 0.437893
0.336300 0.437388
0.336400 0.436883
0.336500 0.436376
0.336600 0.435868
0.336700 0.435360
0.336800 0.434850
0.336900 0.434339
0.337000 0.433827
0.337100 0.433314
0.337200 0.432800
0.337300 0.432285
0.337400 0.431769
0.337500 0.431252
0.337600 0.430734
0.337700 0.430215
0.337800 0.429695
0.337900 0.429174
0.338000 0.428652
0.338100 0.428129
0.338200 0.427605
0.338300 0.427080
0.338400 0.426554
0.338500 0.426026
0.338600 0.425498
0.338700 0.424969
0.338800 0.424439
0.338900 0.423908
0.339000 0.423376
0.339100 0.422843
0.339200 0.422309
0.339300 0.421774
0.339400 0.421239
0.339500 0.420702
0.339600 0.420164
0.339700 0.419625
0.339800 0.419086
0.339900 0.418545
0.340000 0.418004
0.340100 0.417461
0.340200 0.416918
0.340300 0.416373
0.340400 0.415828
0.340500 0.415282
0.340600 0.414735
0.340700 0.414187
0.340800 0.413638
0.340900 0.413088
0.341000 0.412538
0.341100 0.411986
0.341200 0.411434
0.341300 0.410880
0.341400 0.410326
0.341500 0.409771
0.341600 0.409215
0.341700 0.408658
0.341800 0.408100
0.341900 0.407542
0.342000 0.406982
0.342100 0.406422
0.342200 0.405861
0.342300 0.405298
0.342400 0.404736
0.342500 0.404172
0.342600 0.403607
0.342700 0.403042
0.342800 0.402476
0.342900 0.401909
0.343000 0.401341
0.343100 0.400772
0.343200 0.400202
0.343300 0.399632
0.343400 0.399061
0.343500 0.398489
0.343600 0.397916
0.343700 0.397343
0.343800 0.396768
0.343900 0.396193
0.344000 0.395617
0.344100 0.395041
0.344200 0.394463
0.344300 0.393885
0.344400 0.393306
0.344500 0.392726
0.344600 0.392145
0.344700 0.391564
0.344800 0.390982
0.344900 0.390399
0.345000 0.389816
0.345100 0.389231
0.345200 0.388646
0.345300 0.388061
0.345400 0.387474
0.345500 0.386887
0.345600 0.386299
0.345700 0.385710
0.345800 0.385121
0.345900 0.384531
0.346000 0.383940
0.346100 0.383348
0.346200 0.382756
0.346300 0.382163
0.346400 0.381570
0.346500 0.380975
0.346600 0.380380
0.346700 0.379785
0.346800 0.379189
0.346900 0.378592
0.347000 0.377994
0.347100 0.377396
0.347200 0.376797
0.347300 0.376197
0.347400 0.375597
0.347500 0.374996
0.347600 0.374394
0.347700 0.373792
0.347800 0.373189
0.347900 0.372586
0.348000 0.371982
0.348100 0.371377
0.348200 0.370772
0.348300 0.370166
0.348400 0.369559
0.348500 0.368952
0.348600 0.368344
0.348700 0.367736
0.348800 0.367127
0.348900 0.366517
0.349000 0.365907
0.349100 0.365296
0.349200 0.364685
0.349300 0.364073
0.349400 0.363461
0.349500 0.362848
0.349600 0.362234
0.349700 0.361620
0.349800 0.361006
0.349900 0.360390
0.350000 0.359775
0.350100 0.359158
0.350200 0.358541
0.350300 0.357924
0.350400 0.357306
0.350500 0.356688
0.350600 0.356069
0.350700 0.355449
0.350800 0.354830
0.350900 0.354209
0.351000 0.353588
0.351100 0.352967
0.351200 0.352345
0.351300 0.351722
0.351400 0.351099
0.351500 0.350476
0.351600 0.349852
0.351700 0.349228
0.351800 0.348603
0.351900 0.347978
0.352000 0.347352
0.352100 0.346726
0.352200 0.346099
0.352300 0.345472
0.352400 0.344844
0.352500 0.344216
0.352600 0.343588
0.352700 0.342959
0.352800 0.342330
0.352900 0.341700
0.353000 0.341070
0.353100 0.340440
0.353200 0.339809
0.353300 0.339177
0.353400 0.338546
0.353500 0.337914
0.353600 0.337281
0.353700 0.336648
0.353800 0.336015
0.353900 0.335381
0.354000 0.334747
0.354100 0.334113
0.354200 0.333478
0.354300 0.332843
0.354400 0.332207
0.354500 0.331572
0.354600 0.330935
0.354700 0.330299
0.354800 0.329662
0.354900 0.329025
0.355000 0.328387
0.355100 0.327749
0.355200 0.327111
0.355300 0.326473
0.355400 0.325834
0.355500 0.325195
0.355600 0.324555
0.355700 0.323915
0.355800 0.323275
0.355900 0.322635
0.356000 0.321994
0.356100 0.321354
0.356200 0.320712
0.356300 0.320071
0.356400 0.319429
0.356500 0.318787
0.356600 0.318145
0.356700 0.317502
0.356800 0.316860
0.356900 0.316217
0.357000 0.315573
0.357100 0.314930
0.357200 0.314286
0.357300 0.313642
0.357400 0.312998
0.357500 0.312353
0.357600 0.311709
0.357700 0.311064
0.357800 0.310419
0.357900 0.309774
0.358000 0.309128
0.358100 0.308483
0.358200 0.307837
0.358300 0.307191
0.358400 0.306544
0.358500 0.305898
0.358600 0.305251
0.358700 0.304605
0.358800 0.303958
0.358900 0.303311
0.359000 0.302663
0.359100 0.302016
0.359200 0.301368
0.359300 0.300721
0.359400 0.300073
0.359500 0.299425
0.359600 0.298777
0.359700 0.298129
0.359800 0.297480
0.359900 0.296832
0.360000 0.296183
0.360100 0.295534
0.360200 0.294886
0.360300 0.294237
0.360400 0.293588
0.360500 0.292939
0.360600 0.292290
0.360700 0.291640
0.360800 0.290991
0.360900 0.290342
0.361000 0.289692
0.361100 0.289043
0.361200 0.288393
0.361300 0.287743
0.361400 0.287094
0.361500 0.286444
0.361600 0.285794
0.361700 0.285144
0.361800 0.284494
0.361900 0.283844
0.362000 0.283194
0.362100 0.282544
0.362200 0.281894
0.362300 0.281244
0.362400 0.280594
0.362500 0.279944
0.362600 0.279294
0.362700 0.278644
0.362800 0.277995
0.362900 0.277345
0.363000 0.276695
0.363100 0.276045
0.363200 0.275395
0.363300 0.274745
0.363400 0.274095
0.363500 0.273445
0.363600 0.272795
0.363700 0.272146
0.363800 0.271496
0.363900 0.270847
0.364000 0.270197
0.364100 0.269548
0.364200 0.268898
0.364300 0.268249
0.364400 0.267600
0.364500 0.266950
0.364600 0.266301
0.364700 0.265652
0.364800 0.265003
0.364900 0.264355
0.365000 0.263706
0.365100 0.263057
0.365200 0.262409
0.365300 0.261761
0.365400 0.261113
0.365500 0.260464
0.365600 0.259816
0.365700 0.259169
0.365800 0.258521
0.365900 0.257873
0.366000 0.257226
0.366100 0.256579
0.366200 0.255932
0.366300 0.255285
0.366400 0.254638
0.366500 0.253992
0.366600 0.253345
0.366700 0.252699
0.366800 0.252053
0.366900 0.251407
0.367000 0.250762
0.367100 0.250116
0.367200 0.249471
0.367300 0.248826
0.367400 0.248181
0.367500 0.247536
0.367600 0.246892
0.367700 0.246248
0.367800 0.245604
0.367900 0.244960
0.368000 0.244317
0.368100 0.243674
0.368200 0.243031
0.368300 0.242388
0.368400 0.241745
0.368500 0.241103
0.368600 0.240461
0.368700 0.239820
0.368800 0.239178
0.368900 0.238537
0.369000 0.237896
0.369100 0.237256
0.369200 0.236615
0.369300 0.235975
0.369400 0.235336
0.369500 0.234696
0.369600 0.234057
0.369700 0.233418
0.369800 0.232780
0.369900 0.232142
0.370000 0.231504
0.370100 0.230866
0.370200 0.230229
0.370300 0.229592
0.370400 0.228956
0.370500 0.228320
0.370600 0.227684
0.370700 0.227049
0.370800 0.226414
0.370900 0.225779
0.371000 0.225144
0.371100 0.224511
0.371200 0.223877
0.371300 0.223244
0.371400 0.222611
0.371500 0.221978
0.371600 0.221346
0.371700 0.220715
0.371800 0.220083
0.371900 0.219453
0.372000 0.218822
0.372100 0.218192
0.372200 0.217563
0.372300 0.216933
0.372400 0.216305
0.372500 0.215676
0.372600 0.215048
0.372700 0.214421
0.372800 0.213794
0.372900 0.213167
0.373000 0.212541
0.373100 0.211916
0.373200 0.211290
0.373300 0.210666
0.373400 0.210041
0.373500 0.209418
0.373600 0.208794
0.373700 0.208171
0.373800 0.207549
0.373900 0.206927
0.374000 0.206306
0.374100 0.205685
0.374200 0.205065
0.374300 0.204445
0.374400 0.203825
0.374500 0.203206
0.374600 0.202588
0.374700 0.201970
0.374800 0.201353
0.374900 0.200736
0.375000 0.200120
0.375100 0.199505
0.375200 0.198889
0.375300 0.198275
0.375400 0.197661
0.375500 0.197047
0.375600 0.196435
0.375700 0.195822
0.375800 0.195210
0.375900 0.194599
0.376000 0.193989
0.376100 0.193379
0.376200 0.192769
0.376300 0.192160
0.376400 0.191552
0.376500 0.190944
0.376600 0.190337
0.376700 0.189731
0.376800 0.189125
0.376900 0.188520
0.377000 0.187915
0.377100 0.187311
0.377200 0.186708
0.377300 0.186105
0.377400 0.185503
0.377500 0.184902
0.377600 0.184301
0.377700 0.183701
0.377800 0.183101
0.377900 0.182502
0.378000 0.181904
0.378100 0.181306
0.378200 0.180710
0.378300 0.180113
0.378400 0.179518
0.378500 0.178923
0.378600 0.178329
0.378700 0.177735
0.378800 0.177143
0.378900 0.176551
0.379000 0.175959
0.379100 0.175368
0.379200 0.174778
0.379300 0.174189
0.379400 0.173601
0.379500 0.173013
0.379600 0.172426
0.379700 0.171839
0.379800 0.171254
0.379900 0.170669
0.380000 0.170085
0.380100 0.169501
0.380200 0.168918
0.380300 0.168337
0.380400 0.167755
0.380500 0.167175
0.380600 0.166595
0.380700 0.166016
0.380800 0.165438
0.380900 0.164861
0.381000 0.164284
0.381100 0.163709
0.381200 0.163134
0.381300 0.162559
0.381400 0.161986
0.381500 0.161413
0.381600 0.160841
0.381700 0.160270
0.381800 0.159700
0.381900 0.159131
0.382000 0.158562
0.382100 0.157995
0.382200 0.157428
0.382300 0.156861
0.382400 0.156296
0.382500 0.155732
0.382600 0.155168
0.382700 0.154605
0.382800 0.154044
0.382900 0.153483
0.383000 0.152922
0.383100 0.152363
0.383200 0.151805
0.383300 0.151247
0.383400 0.150690
0.383500 0.150134
0.383600 0.149579
0.383700 0.149025
0.383800 0.148472
0.383900 0.147920
0.384000 0.147368
0.384100 0.146818
0.384200 0.146268
0.384300 0.145719
0.384400 0.145172
0.384500 0.144625
0.384600 0.144079
0.384700 0.143534
0.384800 0.142989
0.384900 0.142446
0.385000 0.141904
0.385100 0.141363
0.385200 0.140822
0.385300 0.140283
0.385400 0.139744
0.385500 0.139206
0.385600 0.138670
0.385700 0.138134
0.385800 0.137599
0.385900 0.137066
0.386000 0.136533
0.386100 0.136001
0.386200 0.135470
0.386300 0.134940
0.386400 0.134411
0.386500 0.133883
0.386600 0.133357
0.386700 0.132831
0.386800 0.132306
0.386900 0.131782
0.387000 0.131259
0.387100 0.130737
0.387200 0.130216
0.387300 0.129696
0.387400 0.129177
0.387500 0.128659
0.387600 0.128142
0.387700 0.127627
0.387800 0.127112
0.387900 0.126598
0.388000 0.126085
0.388100 0.125574
0.388200 0.125063
0.388300 0.124553
0.388400 0.124045
0.388500 0.123537
0.388600 0.123031
0.388700 0.122525
0.388800 0.122021
0.388900 0.121518
0.389000 0.121016
0.389100 0.120515
0.389200 0.120015
0.389300 0.119516
0.389400 0.119018
0.389500 0.118521
0.389600 0.118025
0.389700 0.117531
0.389800 0.117037
0.389900 0.116545
0.390000 0.116054
0.390100 0.115564
0.390200 0.115075
0.390300 0.114587
0.390400 0.114100
0.390500 0.113614
0.390600 0.113130
0.390700 0.112646
0.390800 0.112164
0.390900 0.111683
0.391000 0.111203
0.391100 0.110724
0.391200 0.110246
0.391300 0.109769
0.391400 0.109294
0.391500 0.108820
0.391600 0.108346
0.391700 0.107874
0.391800 0.107404
0.391900 0.106934
0.392000 0.106465
0.392100 0.105998
0.392200 0.105532
0.392300 0.105067
0.392400 0.104603
0.392500 0.104141
0.392600 0.103679
0.392700 0.103219
0.392800 0.102760
0.392900 0.102302
0.393000 0.101846
0.393100 0.101390
0.393200 0.100936
0.393300 0.100483
0.393400 0.100031
0.393500 0.099581
0.393600 0.099131
0.393700 0.098683
0.393800 0.098236
0.393900 0.097791
0.394000 0.097346
0.394100 0.096903
0.394200 0.096461
0.394300 0.096020
0.394400 0.095581
0.394500 0.095143
0.394600 0.094706
0.394700 0.094270
0.394800 0.093836
0.394900 0.093402
0.395000 0.092970
0.395100 0.092540
0.395200 0.092110
0.395300 0.091682
0.395400 0.091255
0.395500 0.090830
0.395600 0.090405
0.395700 0.089982
0.395800 0.089561
0.395900 0.089140
0.396000 0.088721
0.396100 0.088303
0.396200 0.087886
0.396300 0.087471
0.396400 0.087057
0.396500 0.086644
0.396600 0.086233
0.396700 0.085823
0.396800 0.085414
0.396900 0.085007
0.397000 0.084601
0.397100 0.084196
0.397200 0.083792
0.397300 0.083390
0.397400 0.082989
0.397500 0.082590
0.397600 0.082192
0.397700 0.081795
0.397800 0.081400
0.397900 0.081005
0.398000 0.080613
0.398100 0.080221
0.398200 0.079831
0.398300 0.079442
0.398400 0.079055
0.398500 0.078669
0.398600 0.078284
0.398700 0.077901
0.398800 0.077519
0.398900 0.077139
0.399000 0.076759
0.399100 0.076381
0.399200 0.076005
0.399300 0.075630
0.399400 0.075256
0.399500 0.074884
0.399600 0.074513
0.399700 0.074144
0.399800 0.073775
0.399900 0.073409
0.400000 0.073043
0.400100 0.072679
0.400200 0.072317
0.400300 0.071956
0.400400 0.071596
0.400500 0.071238
0.400600 0.070881
0.400700 0.070525
0.400800 0.070171
0.400900 0.069819
0.401000 0.069467
0.401100 0.069118
0.401200 0.068769
0.401300 0.068422
0.401400 0.068077
0.401500 0.067733
0.401600 0.067390
0.401700 0.067049
0.401800 0.066709
0.401900 0.066371
0.402000 0.066034
0.402100 0.065698
0.402200 0.065364
0.402300 0.065032
0.402400 0.064700
0.402500 0.064371
0.402600 0.064043
0.402700 0.063716
0.402800 0.063391
0.402900 0.063067
0.403000 0.062745
0.403100 0.062424
0.403200 0.062104
0.403300 0.061786
0.403400 0.061470
0.403500 0.061155
0.403600 0.060841
0.403700 0.060529
0.403800 0.060219
0.403900 0.059910
0.404000 0.059602
0.404100 0.059296
0.404200 0.058992
0.404300 0.058689
0.404400 0.058387
0.404500 0.058087
0.404600 0.057788
0.404700 0.057491
0.404800 0.057196
0.404900 0.056902
0.405000 0.056609
0.405100 0.056318
0.405200 0.056028
0.405300 0.055740
0.405400 0.055454
0.405500 0.055169
0.405600 0.054885
0.405700 0.054603
0.405800 0.054323
0.405900 0.054044
0.406000 0.053767
0.406100 0.053491
0.406200 0.053217
0.406300 0.052944
0.406400 0.052673
0.406500 0.052403
0.406600 0.052135
0.406700 0.051868
0.406800 0.051603
0.406900 0.051339
0.407000 0.051077
0.407100 0.050817
0.407200 0.050558
0.407300 0.050301
0.407400 0.050045
0.407500 0.049791
0.407600 0.049538
0.407700 0.049287
0.407800 0.049037
0.407900 0.048789
0.408000 0.048543
0.408100 0.048298
0.408200 0.048055
0.408300 0.047813
0.408400 0.047573
0.408500 0.047334
0.408600 0.047097
0.408700 0.046862
0.408800 0.046628
0.408900 0.046395
0.409000 0.046165
0.409100 0.045936
0.409200 0.045708
0.409300 0.045482
0.409400 0.045258
0.409500 0.045035
0.409600 0.044814
0.409700 0.044594
0.409800 0.044376
0.409900 0.044160
0.410000 0.043945
0.410100 0.043731
0.410200 0.043520
0.410300 0.043310
0.410400 0.043101
0.410500 0.042894
0.410600 0.042689
0.410700 0.042485
0.410800 0.042283
0.410900 0.042083
0.411000 0.041884
0.411100 0.041687
0.411200 0.041491
0.411300 0.041297
0.411400 0.041105
0.411500 0.040914
0.411600 0.040725
0.411700 0.040538
0.411800 0.040352
0.411900 0.040167
0.412000 0.039985
0.412100 0.039804
0.412200 0.039624
0.412300 0.039446
0.412400 0.039270
0.412500 0.039096
0.412600 0.038923
0.412700 0.038751
0.412800 0.038582
0.412900 0.038414
0.413000 0.038247
0.413100 0.038083
0.413200 0.037919
0.413300 0.037758
0.413400 0.037598
0.413500 0.037440
0.413600 0.037283
0.413700 0.037128
0.413800 0.036975
0.413900 0.036823
0.414000 0.036673
0.414100 0.036525
0.414200 0.036378
0.414300 0.036233
0.414400 0.036090
0.414500 0.035948
0.414600 0.035808
0.414700 0.035670
0.414800 0.035533
0.414900 0.035398
0.415000 0.035264
0.415100 0.035132
0.415200 0.035002
0.415300 0.034873
0.415400 0.034747
0.415500 0.034621
0.415600 0.034498
0.415700 0.034376
0.415800 0.034256
0.415900 0.034137
0.416000 0.034020
0.416100 0.033905
0.416200 0.033791
0.416300 0.033679
0.416400 0.033569
0.416500 0.033460
0.416600 0.033353
0.416700 0.033248
0.416800 0.033145
0.416900 0.033043
0.417000 0.032942
0.417100 0.032844
0.417200 0.032747
0.417300 0.032652
0.417400 0.032558
0.417500 0.032466
0.417600 0.032376
0.417700 0.032287
0.417800 0.032200
0.417900 0.032115
0.418000 0.032032
0.418100 0.031950
0.418200 0.031870
0.418300 0.031791
0.418400 0.031714
0.418500 0.031639
0.418600 0.031566
0.418700 0.031494
0.418800 0.031424
0.418900 0.031355
0.419000 0.031289
0.419100 0.031223
0.419200 0.031160
0.419300 0.031098
0.419400 0.031038
0.419500 0.030980
0.419600 0.030923
0.419700 0.030868
0.419800 0.030815
0.419900 0.030764
0.420000 0.030714
0.420100 0.030665
0.420200 0.030619
0.420300 0.030574
0.420400 0.030531
0.420500 0.030489
0.420600 0.030449
0.420700 0.030411
0.420800 0.030375
0.420900 0.030340
0.421000 0.030307
0.421100 0.030276
0.421200 0.030246
0.421300 0.030218
0.421400 0.030192
0.421500 0.030167
0.421600 0.030144
0.421700 0.030123
0.421800 0.030103
0.421900 0.030086
0.422000 0.030069
0.422100 0.030055
0.422200 0.030042
0.422300 0.030031
0.422400 0.030022
0.422500 0.030014
0.422600 0.030008
0.422700 0.030004
0.422800 0.030001
0.422900 0.030000
0.423000 0.030001
0.423100 0.030003
0.423200 0.030007
0.423300 0.030013
0.423400 0.030021
0.423500 0.030030
0.423600 0.030041
0.423700 0.030053
0.423800 0.030067
0.423900 0.030083
0.424000 0.030101
0.424100 0.030120
0.424200 0.030141
0.424300 0.030164
0.424400 0.030188
0.424500 0.030214
0.424600 0.030242
0.424700 0.030272
0.424800 0.030303
0.424900 0.030336
0.425000 0.030370
0.425100 0.030406
0.425200 0.030444
0.425300 0.030484
0.425400 0.030525
0.425500 0.030568
0.425600 0.030613
0.425700 0.030659
0.425800 0.030707
0.425900 0.030757
0.426000 0.030808
0.426100 0.030861
0.426200 0.030916
0.426300 0.030972
0.426400 0.031030
0.426500 0.031090
0.426600 0.031152
0.426700 0.031215
0.426800 0.031280
0.426900 0.031346
0.427000 0.031414
0.427100 0.031484
0.427200 0.031556
0.427300 0.031629
0.427400 0.031704
0.427500 0.031781
0.427600 0.031859
0.427700 0.031939
0.427800 0.032021
0.427900 0.032104
0.428000 0.032189
0.428100 0.032276
0.428200 0.032364
0.428300 0.032454
0.428400 0.032546
0.428500 0.032639
0.428600 0.032734
0.428700 0.032831
0.428800 0.032929
0.428900 0.033029
0.429000 0.033131
0.429100 0.033234
0.429200 0.033339
0.429300 0.033446
0.429400 0.033554
0.429500 0.033664
0.429600 0.033776
0.429700 0.033889
0.429800 0.034004
0.429900 0.034121
0.430000 0.034240
0.430100 0.034360
0.430200 0.034481
0.430300 0.034605
0.430400 0.034730
0.430500 0.034856
0.430600 0.034985
0.430700 0.035115
0.430800 0.035246
0.430900 0.035380
0.431000 0.035514
0.431100 0.035651
0.431200 0.035789
0.431300 0.035929
0.431400 0.036071
0.431500 0.036214
0.431600 0.036359
0.431700 0.036505
0.431800 0.036653
0.431900 0.036803
0.432000 0.036955
0.432100 0.037108
0.432200 0.037262
0.432300 0.037419
0.432400 0.037577
0.432500 0.037736
0.432600 0.037898
0.432700 0.038061
0.432800 0.038225
0.432900 0.038391
0.433000 0.038559
0.433100 0.038729
0.433200 0.038900
0.433300 0.039072
0.433400 0.039247
0.433500 0.039423
0.433600 0.039600
0.433700 0.039779
0.433800 0.039960
0.433900 0.040143
0.434000 0.040327
0.434100 0.040512
0.434200 0.040700
0.434300 0.040889
0.434400 0.041079
0.434500 0.041271
0.434600 0.041465
0.434700 0.041661
0.434800 0.041858
0.434900 0.042056
0.435000 0.042256
0.435100 0.042458
0.435200 0.042662
0.435300 0.042867
0.435400 0.043073
0.435500 0.043282
0.435600 0.043491
0.435700 0.043703
0.435800 0.043916
0.435900 0.044131
0.436000 0.044347
0.436100 0.044565
0.436200 0.044784
0.436300 0.045005
0.436400 0.045228
0.436500 0.045452
0.436600 0.045678
0.436700 0.045905
0.436800 0.046134
0.436900 0.046364
0.437000 0.046597
0.437100 0.046830
0.437200 0.047065
0.437300 0.047302
0.437400 0.047541
0.437500 0.047781
0.437600 0.048022
0.437700 0.048265
0.437800 0.048510
0.437900 0.048756
0.438000 0.049004
0.438100 0.049253
0.438200 0.049504
0.438300 0.049757
0.438400 0.050011
0.438500 0.050266
0.438600 0.050523
0.438700 0.050782
0.438800 0.051042
0.438900 0.051304
0.439000 0.051568
0.439100 0.051832
0.439200 0.052099
0.439300 0.052367
0.439400 0.052636
0.439500 0.052907
0.439600 0.053180
0.439700 0.053454
0.439800 0.053730
0.439900 0.054007
0.440000 0.054286
0.440100 0.054566
0.440200 0.054848
0.440300 0.055131
0.440400 0.055416
0.440500 0.055702
0.440600 0.055990
0.440700 0.056279
0.440800 0.056570
0.440900 0.056862
0.441000 0.057156
0.441100 0.057452
0.441200 0.057748
0.441300 0.058047
0.441400 0.058347
0.441500 0.058648
0.441600 0.058951
0.441700 0.059255
0.441800 0.059561
0.441900 0.059869
0.442000 0.060177
0.442100 0.060488
0.442200 0.060800
0.442300 0.061113
0.442400 0.061428
0.442500 0.061744
0.442600 0.062062
0.442700 0.062381
0.442800 0.062701
0.442900 0.063024
0.443000 0.063347
0.443100 0.063672
0.443200 0.063999
0.443300 0.064327
0.443400 0.064656
0.443500 0.064987
0.443600 0.065319
0.443700 0.065653
0.443800 0.065989
0.443900 0.066325
0.444000 0.066663
0.444100 0.067003
0.444200 0.067344
0.444300 0.067687
0.444400 0.068030
0.444500 0.068376
0.444600 0.068723
0.444700 0.069071
0.444800 0.069420
0.444900 0.069771
0.445000 0.070124
0.445100 0.070478
0.445200 0.070833
0.445300 0.071190
0.445400 0.071548
0.445500 0.071907
0.445600 0.072268
0.445700 0.072631
0.445800 0.072995
0.445900 0.073360
0.446000 0.073726
0.446100 0.074094
0.446200 0.074463
0.446300 0.074834
0.446400 0.075206
0.446500 0.075580
0.446600 0.075955
0.446700 0.076331
0.446800 0.076709
0.446900 0.077088
0.447000 0.077468
0.447100 0.077850
0.447200 0.078233
0.447300 0.078617
0.447400 0.079003
0.447500 0.079390
0.447600 0.079779
0.447700 0.080169
0.447800 0.080560
0.447900 0.080953
0.448000 0.081347
0.448100 0.081742
0.448200 0.082139
0.448300 0.082537
0.448400 0.082936
0.448500 0.083336
0.448600 0.083738
0.448700 0.084142
0.448800 0.084546
0.448900 0.084952
0.449000 0.085360
0.449100 0.085768
0.449200 0.086178
0.449300 0.086589
0.449400 0.087002
0.449500 0.087416
0.449600 0.087831
0.449700 0.088247
0.449800 0.088665
0.449900 0.089084
0.450000 0.089504
0.450100 0.089926
0.450200 0.090349
0.450300 0.090773
0.450400 0.091198
0.450500 0.091625
0.450600 0.092053
0.450700 0.092482
0.450800 0.092913
0.450900 0.093344
0.451000 0.093777
0.451100 0.094212
0.451200 0.094647
0.451300 0.095084
0.451400 0.095522
0.451500 0.095961
0.451600 0.096402
0.451700 0.096844
0.451800 0.097287
0.451900 0.097731
0.452000 0.098177
0.452100 0.098623
0.452200 0.099071
0.452300 0.099520
0.452400 0.099971
0.452500 0.100422
0.452600 0.100875
0.452700 0.101329
0.452800 0.101785
0.452900 0.102241
0.453000 0.102699
0.453100 0.103157
0.453200 0.103618
0.453300 0.104079
0.453400 0.104541
0.453500 0.105005
0.453600 0.105470
0.453700 0.105936
0.453800 0.106403
0.453900 0.106871
0.454000 0.107341
0.454100 0.107811
0.454200 0.108283
0.454300 0.108756
0.454400 0.109230
0.454500 0.109705
0.454600 0.110182
0.454700 0.110660
0.454800 0.111138
0.454900 0.111618
0.455000 0.112099
0.455100 0.112581
0.455200 0.113065
0.455300 0.113549
0.455400 0.114035
0.455500 0.114521
0.455600 0.115009
0.455700 0.115498
0.455800 0.115988
0.455900 0.116479
0.456000 0.116971
0.456100 0.117465
0.456200 0.117959
0.456300 0.118455
0.456400 0.118951
0.456500 0.119449
0.456600 0.119948
0.456700 0.120448
0.456800 0.120949
0.456900 0.121451
0.457000 0.121954
0.457100 0.122458
0.457200 0.122963
0.457300 0.123469
0.457400 0.123977
0.457500 0.124485
0.457600 0.124995
0.457700 0.125505
0.457800 0.126017
0.457900 0.126529
0.458000 0.127043
0.458100 0.127557
0.458200 0.128073
0.458300 0.128590
0.458400 0.129108
0.458500 0.129626
0.458600 0.130146
0.458700 0.130667
0.458800 0.131189
0.458900 0.131712
0.459000 0.132235
0.459100 0.132760
0.459200 0.133286
0.459300 0.133813
0.459400 0.134341
0.459500 0.134869
0.459600 0.135399
0.459700 0.135930
0.459800 0.136461
0.459900 0.136994
0.460000 0.137528
0.460100 0.138062
0.460200 0.138598
0.460300 0.139134
0.460400 0.139672
0.460500 0.140210
0.460600 0.140750
0.460700 0.141290
0.460800 0.141831
0.460900 0.142373
0.461000 0.142917
0.461100 0.143461
0.461200 0.144006
0.461300 0.144551
0.461400 0.145098
0.461500 0.145646
0.461600 0.146194
0.461700 0.146744
0.461800 0.147294
0.461900 0.147846
0.462000 0.148398
0.462100 0.148951
0.462200 0.149505
0.462300 0.150060
0.462400 0.150616
0.462500 0.151172
0.462600 0.151730
0.462700 0.152288
0.462800 0.152847
0.462900 0.153407
0.463000 0.153968
0.463100 0.154530
0.463200 0.155093
0.463300 0.155656
0.463400 0.156221
0.463500 0.156786
0.463600 0.157352
0.463700 0.157918
0.463800 0.158486
0.463900 0.159055
0.464000 0.159624
0.464100 0.160194
0.464200 0.160765
0.464300 0.161337
0.464400 0.161909
0.464500 0.162482
0.464600 0.163056
0.464700 0.163631
0.464800 0.164207
0.464900 0.164784
0.465000 0.165361
0.465100 0.165939
0.465200 0.166518
0.465300 0.167097
0.465400 0.167677
0.465500 0.168259
0.465600 0.168840
0.465700 0.169423
0.465800 0.170006
0.465900 0.170590
0.466000 0.171175
0.466100 0.171761
0.466200 0.172347
0.466300 0.172934
0.466400 0.173522
0.466500 0.174110
0.466600 0.174699
0.466700 0.175289
0.466800 0.175880
0.466900 0.176471
0.467000 0.177063
0.467100 0.177656
0.467200 0.178249
0.467300 0.178843
0.467400 0.179438
0.467500 0.180034
0.467600 0.180630
0.467700 0.181226
0.467800 0.181824
0.467900 0.182422
0.468000 0.183021
0.468100 0.183620
0.468200 0.184220
0.468300 0.184821
0.468400 0.185422
0.468500 0.186024
0.468600 0.186627
0.468700 0.187230
0.468800 0.187834
0.468900 0.188439
0.469000 0.189044
0.469100 0.189650
0.469200 0.190256
0.469300 0.190863
0.469400 0.191471
0.469500 0.192079
0.469600 0.192687
0.469700 0.193297
0.469800 0.193907
0.469900 0.194517
0.470000 0.195128
0.470100 0.195740
0.470200 0.196352
0.470300 0.196965
0.470400 0.197579
0.470500 0.198193
0.470600 0.198807
0.470700 0.199422
0.470800 0.200038
0.470900 0.200654
0.471000 0.201270
0.471100 0.201888
0.471200 0.202505
0.471300 0.203124
0.471400 0.203742
0.471500 0.204362
0.471600 0.204981
0.471700 0.205602
0.471800 0.206223
0.471900 0.206844
0.472000 0.207466
0.472100 0.208088
0.472200 0.208711
0.472300 0.209334
0.472400 0.209958
0.472500 0.210582
0.472600 0.211207
0.472700 0.211832
0.472800 0.212457
0.472900 0.213083
0.473000 0.213710
0.473100 0.214337
0.473200 0.214964
0.473300 0.215592
0.473400 0.216220
0.473500 0.216849
0.473600 0.217478
0.473700 0.218108
0.473800 0.218738
0.473900 0.219368
0.474000 0.219999
0.474100 0.220630
0.474200 0.221262
0.474300 0.221894
0.474400 0.222526
0.474500 0.223159
0.474600 0.223792
0.474700 0.224426
0.474800 0.225059
0.474900 0.225694
0.475000 0.226328
0.475100 0.226963
0.475200 0.227599
0.475300 0.228235
0.475400 0.228871
0.475500 0.229507
0.475600 0.230144
0.475700 0.230781
0.475800 0.231418
0.475900 0.232056
0.476000 0.232694
0.476100 0.233333
0.476200 0.233971
0.476300 0.234610
0.476400 0.235250
0.476500 0.235889
0.476600 0.236529
0.476700 0.237170
0.476800 0.237810
0.476900 0.238451
0.477000 0.239092
0.477100 0.239734
0.477200 0.240375
0.477300 0.241017
0.477400 0.241659
0.477500 0.242302
0.477600 0.242944
0.477700 0.243587
0.477800 0.244231
0.477900 0.244874
0.478000 0.245518
0.478100 0.246162
0.478200 0.246806
0.478300 0.247450
0.478400 0.248095
0.478500 0.248739
0.478600 0.249384
0.478700 0.250030
0.478800 0.250675
0.478900 0.251321
0.479000 0.251966
0.479100 0.252612
0.479200 0.253259
0.479300 0.253905
0.479400 0.254552
0.479500 0.255198
0.479600 0.255845
0.479700 0.256492
0.479800 0.257139
0.479900 0.257787
0.480000 0.258434
0.480100 0.259082
0.480200 0.259730
0.480300 0.260378
0.480400 0.261026
0.480500 0.261674
0.480600 0.262322
0.480700 0.262971
0.480800 0.263619
0.480900 0.264268
0.481000 0.264917
0.481100 0.265565
0.481200 0.266214
0.481300 0.266863
0.481400 0.267513
0.481500 0.268162
0.481600 0.268811
0.481700 0.269460
0.481800 0.270110
0.481900 0.270759
0.482000 0.271409
0.482100 0.272059
0.482200 0.272708
0.482300 0.273358
0.482400 0.274008
0.482500 0.274658
0.482600 0.275308
0.482700 0.275958
0.482800 0.276607
0.482900 0.277257
0.483000 0.277907
0.483100 0.278557
0.483200 0.279207
0.483300 0.279857
0.483400 0.280507
0.483500 0.281157
0.483600 0.281807
0.483700 0.282457
0.483800 0.283107
0.483900 0.283757
0.484000 0.284407
0.484100 0.285057
0.484200 0.285707
0.484300 0.286357
0.484400 0.287006
0.484500 0.287656
0.484600 0.288306
0.484700 0.288955
0.484800 0.289605
0.484900 0.290254
0.485000 0.290904
0.485100 0.291553
0.485200 0.292202
0.485300 0.292852
0.485400 0.293501
0.485500 0.294150
0.485600 0.294799
0.485700 0.295447
0.485800 0.296096
0.485900 0.296745
0.486000 0.297393
0.486100 0.298042
0.486200 0.298690
0.486300 0.299338
0.486400 0.299986
0.486500 0.300634
0.486600 0.301282
0.486700 0.301929
0.486800 0.302577
0.486900 0.303224
0.487000 0.303871
0.487100 0.304518
0.487200 0.305165
0.487300 0.305811
0.487400 0.306458
0.487500 0.307104
0.487600 0.307750
0.487700 0.308396
0.487800 0.309042
0.487900 0.309687
0.488000 0.310332
0.488100 0.310978
0.488200 0.311622
0.488300 0.312267
0.488400 0.312912
0.488500 0.313556
0.488600 0.314200
0.488700 0.314844
0.488800 0.315487
0.488900 0.316130
0.489000 0.316773
0.489100 0.317416
0.489200 0.318059
0.489300 0.318701
0.489400 0.319343
0.489500 0.319985
0.489600 0.320626
0.489700 0.321268
0.489800 0.321909
0.489900 0.322549
0.490000 0.323190
0.490100 0.323830
0.490200 0.324469
0.490300 0.325109
0.490400 0.325748
0.490500 0.326387
0.490600 0.327026
0.490700 0.327664
0.490800 0.328302
0.490900 0.328939
0.491000 0.329577
0.491100 0.330213
0.491200 0.330850
0.491300 0.331486
0.491400 0.332122
0.491500 0.332758
0.491600 0.333393
0.491700 0.334028
0.491800 0.334662
0.491900 0.335296
0.492000 0.335930
0.492100 0.336563
0.492200 0.337196
0.492300 0.337829
0.492400 0.338461
0.492500 0.339093
0.492600 0.339724
0.492700 0.340355
0.492800 0.340986
0.492900 0.341616
0.493000 0.342246
0.493100 0.342875
0.493200 0.343504
0.493300 0.344132
0.493400 0.344760
0.493500 0.345388
0.493600 0.346015
0.493700 0.346642
0.493800 0.347268
0.493900 0.347894
0.494000 0.348519
0.494100 0.349144
0.494200 0.349768
0.494300 0.350392
0.494400 0.351016
0.494500 0.351639
0.494600 0.352261
0.494700 0.352883
0.494800 0.353505
0.494900 0.354126
0.495000 0.354746
0.495100 0.355366
0.495200 0.355986
0.495300 0.356605
0.495400 0.357223
0.495500 0.357841
0.495600 0.358459
0.495700 0.359076
0.495800 0.359692
0.495900 0.360308
0.496000 0.360923
0.496100 0.361538
0.496200 0.362152
0.496300 0.362766
0.496400 0.363379
0.496500 0.363991
0.496600 0.364603
0.496700 0.365214
0.496800 0.365825
0.496900 0.366435
0.497000 0.367045
0.497100 0.367654
0.497200 0.368263
0.497300 0.368870
0.497400 0.369478
0.497500 0.370084
0.497600 0.370690
0.497700 0.371296
0.497800 0.371901
0.497900 0.372505
0.498000 0.373108
0.498100 0.373711
0.498200 0.374313
0.498300 0.374915
0.498400 0.375516
0.498500 0.376117
0.498600 0.376716
0.498700 0.377315
0.498800 0.377914
0.498900 0.378511
0.499000 0.379109
0.499100 0.379705
0.499200 0.380301
0.499300 0.380896
0.499400 0.381490
0.499500 0.382084
0.499600 0.382677
0.499700 0.383269
0.499800 0.383861
0.499900 0.384452
0.500000 0.385042
