0.000000 0.280000
0.000100 0.280600
0.000200 0.281200
0.000300 0.281800
0.000400 0.282400
0.000500 0.283000
0.000600 0.283600
0.000700 0.284200
0.000800 0.284800
0.000900 0.285400
0.001000 0.285999
0.001100 0.286599
0.001200 0.287199
0.001300 0.287799
0.001400 0.288398
0.001500 0.288998
0.001600 0.289598
0.001700 0.290197
0.001800 0.290797
0.001900 0.291396
0.002000 0.291995
0.002100 0.292595
0.002200 0.293194
0.002300 0.293793
0.002400 0.294392
0.002500 0.294991
0.002600 0.295590
0.002700 0.296189
0.002800 0.296787
0.002900 0.297386
0.003000 0.297984
0.003100 0.298583
0.003200 0.299181
0.003300 0.299779
0.003400 0.300377
0.003500 0.300975
0.003600 0.301573
0.003700 0.302171
0.003800 0.302768
0.003900 0.303366
0.004000 0.303963
0.004100 0.304560
0.004200 0.305157
0.004300 0.305754
0.004400 0.306351
0.004500 0.306948
0.004600 0.307544
0.004700 0.308140
0.004800 0.308736
0.004900 0.309332
0.005000 0.309928
0.005100 0.310524
0.005200 0.311119
0.005300 0.311714
0.005400 0.312309
0.005500 0.312904
0.005600 0.313499
0.005700 0.314093
0.005800 0.314688
0.005900 0.315282
0.006000 0.315876
0.006100 0.316469
0.006200 0.317063
0.006300 0.317656
0.006400 0.318249
0.006500 0.318842
0.006600 0.319435
0.006700 0.320027
0.006800 0.320619
0.006900 0.321211
0.007000 0.321803
0.007100 0.322394
0.007200 0.322985
0.007300 0.323576
0.007400 0.324167
0.007500 0.324757
0.007600 0.325348
0.007700 0.325937
0.007800 0.326527
0.007900 0.327117
0.008000 0.327706
0.008100 0.328294
0.008200 0.328883
0.008300 0.329471
0.008400 0.330059
0.008500 0.330647
0.008600 0.331234
0.008700 0.331822
0.008800 0.332408
0.008900 0.332995
0.009000 0.333581
0.009100 0.334167
0.009200 0.334753
0.009300 0.335338
0.009400 0.335923
0.009500 0.336507
0.009600 0.337092
0.009700 0.337676
0.009800 0.338259
0.009900 0.338843
0.010000 0.339426
0.010100 0.340008
0.010200 0.340591
0.010300 0.341173
0.010400 0.341754
0.010500 0.342335
0.010600 0.342916
0.010700 0.343497
0.010800 0.344077
0.010900 0.344657
0.011000 0.345236
0.011100 0.345815
0.011200 0.346394
0.011300 0.346972
0.011400 0.347550
0.011500 0.348127
0.011600 0.348704
0.011700 0.349281
0.011800 0.349857
0.011900 0.350433
0.012000 0.351009
0.012100 0.351584
0.012200 0.352159
0.012300 0.352733
0.012400 0.353307
0.012500 0.353880
0.012600 0.354453
0.012700 0.355026
0.012800 0.355598
0.012900 0.356169
0.013000 0.356741
0.013100 0.357311
0.013200 0.357882
0.013300 0.358452
0.013400 0.359021
0.013500 0.359590
0.013600 0.360159
0.013700 0.360727
0.013800 0.361295
0.013900 0.361862
0.014000 0.362428
0.014100 0.362995
0.014200 0.363560
0.014300 0.364126
0.014400 0.364690
0.014500 0.365255
0.014600 0.365818
0.014700 0.366382
0.014800 0.366944
0.014900 0.367507
0.015000 0.368069
0.015100 0.368630
0.015200 0.369191
0.015300 0.369751
0.015400 0.370311
0.015500 0.370870
0.015600 0.371429
0.015700 0.371987
0.015800 0.372544
0.015900 0.373101
0.016000 0.373658
0.016100 0.374214
0.016200 0.374770
0.016300 0.375325
0.016400 0.375879
0.016500 0.376433
0.016600 0.376986
0.016700 0.377539
0.016800 0.378091
0.016900 0.378643
0.017000 0.379194
0.017100 0.379744
0.017200 0.380294
0.017300 0.380843
0.017400 0.381392
0.017500 0.381940
0.017600 0.382488
0.017700 0.383035
0.017800 0.383581
0.017900 0.384127
0.018000 0.384672
0.018100 0.385217
0.018200 0.385761
0.018300 0.386304
0.018400 0.386847
0.018500 0.387389
0.018600 0.387930
0.018700 0.388471
0.018800 0.389011
0.018900 0.389551
0.019000 0.390090
0.019100 0.390628
0.019200 0.391166
0.019300 0.391703
0.019400 0.392240
0.019500 0.392776
0.019600 0.393311
0.019700 0.393845
0.019800 0.394379
0.019900 0.394912
0.020000 0.395445
0.020100 0.395977
0.020200 0.396508
0.020300 0.397038
0.020400 0.397568
0.020500 0.398097
0.020600 0.398626
0.020700 0.399154
0.020800 0.399681
0.020900 0.400207
0.021000 0.400733
0.021100 0.401258
0.021200 0.401782
0.021300 0.402306
0.021400 0.402829
0.021500 0.403351
0.021600 0.403873
0.021700 0.404394
0.021800 0.404914
0.021900 0.405433
0.022000 0.405952
0.022100 0.406470
0.022200 0.406987
0.022300 0.407503
0.022400 0.408019
0.022500 0.408534
0.022600 0.409048
0.022700 0.409562
0.022800 0.410075
0.022900 0.410587
0.023000 0.411098
0.023100 0.411608
0.023200 0.412118
0.023300 0.412627
0.023400 0.413135
0.023500 0.413643
0.023600 0.414149
0.023700 0.414655
0.023800 0.415160
0.023900 0.415665
0.024000 0.416168
0.024100 0.416671
0.024200 0.417173
0.024300 0.417674
0.024400 0.418175
0.024500 0.418675
0.024600 0.419173
0.024700 0.419671
0.024800 0.420169
0.024900 0.420665
0.025000 0.421161
0.025100 0.421655
0.025200 0.422149
0.025300 0.422643
0.025400 0.423135
0.025500 0.423626
0.025600 0.424117
0.025700 0.424607
0.025800 0.425096
0.025900 0.425584
0.026000 0.426072
0.026100 0.426558
0.026200 0.427044
0.026300 0.427528
0.026400 0.428012
0.026500 0.428496
0.026600 0.428978
0.026700 0.429459
0.026800 0.429940
0.026900 0.430419
0.027000 0.430898
0.027100 0.431376
0.027200 0.431853
0.027300 0.432329
0.027400 0.432805
0.027500 0.433279
0.027600 0.433753
0.027700 0.434225
0.027800 0.434697
0.027900 0.435168
0.028000 0.435638
0.028100 0.436107
0.028200 0.436575
0.028300 0.437043
0.028400 0.437509
0.028500 0.437975
0.028600 0.438439
0.028700 0.438903
0.028800 0.439366
0.028900 0.439827
0.029000 0.440288
0.029100 0.440748
0.029200 0.441207
0.029300 0.441665
0.029400 0.442123
0.029500 0.442579
0.029600 0.443034
0.029700 0.443489
0.029800 0.443942
0.029900 0.444395
0.030000 0.444846
0.030100 0.445297
0.030200 0.445746
0.030300 0.446195
0.030400 0.446643
0.030500 0.447090
0.030600 0.447535
0.030700 0.447980
0.030800 0.448424
0.030900 0.448867
0.031000 0.449309
0.031100 0.449750
0.031200 0.450190
0.031300 0.450629
0.031400 0.451067
0.031500 0.451504
0.031600 0.451940
0.031700 0.452375
0.031800 0.452809
0.031900 0.453242
0.032000 0.453675
0.032100 0.454106
0.032200 0.454536
0.032300 0.454965
0.032400 0.455393
0.032500 0.455820
0.032600 0.456246
0.032700 0.456671
0.032800 0.457095
0.032900 0.457518
0.033000 0.457940
0.033100 0.458361
0.033200 0.458781
0.033300 0.459200
0.033400 0.459617
0.033500 0.460034
0.033600 0.460450
0.033700 0.460865
0.033800 0.461279
0.033900 0.461691
0.034000 0.462103
0.034100 0.462513
0.034200 0.462923
0.034300 0.463331
0.034400 0.463739
0.034500 0.464145
0.034600 0.464550
0.034700 0.464955
0.034800 0.465358
0.034900 0.465760
0.035000 0.466161
0.035100 0.466561
0.035200 0.466960
0.035300 0.467357
0.035400 0.467754
0.035500 0.468150
0.035600 0.468544
0.035700 0.468938
0.035800 0.469330
0.035900 0.469721
0.036000 0.470112
0.036100 0.470501
0.036200 0.470889
0.036300 0.471276
0.036400 0.471661
0.036500 0.472046
0.036600 0.472430
0.036700 0.472812
0.036800 0.473193
0.036900 0.473574
0.037000 0.473953
0.037100 0.474331
0.037200 0.474708
0.037300 0.475084
0.037400 0.475458
0.037500 0.475832
0.037600 0.476204
0.037700 0.476575
0.037800 0.476946
0.037900 0.477315
0.038000 0.477682
0.038100 0.478049
0.038200 0.478415
0.038300 0.478779
0.038400 0.479142
0.038500 0.479505
0.038600 0.479866
0.038700 0.480225
0.038800 0.480584
0.038900 0.480942
0.039000 0.481298
0.039100 0.481653
0.039200 0.482007
0.039300 0.482360
0.039400 0.482712
0.039500 0.483063
0.039600 0.483412
0.039700 0.483760
0.039800 0.484107
0.039900 0.484453
0.040000 0.484798
0.040100 0.485141
0.040200 0.485484
0.040300 0.485825
0.040400 0.486165
0.040500 0.486504
0.040600 0.486841
0.040700 0.487178
0.040800 0.487513
0.040900 0.487847
0.041000 0.488180
0.041100 0.488511
0.041200 0.488842
0.041300 0.489171
0.041400 0.489499
0.041500 0.489826
0.041600 0.490151
0.041700 0.490476
0.041800 0.490799
0.041900 0.491121
0.042000 0.491442
0.042100 0.491761
0.042200 0.492079
0.042300 0.492397
0.042400 0.492712
0.042500 0.493027
0.042600 0.493340
0.042700 0.493653
0.042800 0.493964
0.042900 0.494273
0.043000 0.494582
0.043100 0.494889
0.043200 0.495195
0.043300 0.495500
0.043400 0.495803
0.043500 0.496106
0.043600 0.496407
0.043700 0.496706
0.043800 0.497005
0.043900 0.497302
0.044000 0.497598
0.044100 0.497893
0.044200 0.498187
0.044300 0.498479
0.044400 0.498770
0.044500 0.499060
0.044600 0.499348
0.044700 0.499635
0.044800 0.499921
0.044900 0.500206
0.045000 0.500489
0.045100 0.500772
0.045200 0.501053
0.045300 0.501332
0.045400 0.501610
0.045500 0.501888
0.045600 0.502163
0.045700 0.502438
0.045800 0.502711
0.045900 0.502983
0.046000 0.503254
0.046100 0.503523
0.046200 0.503791
0.046300 0.504058
0.046400 0.504323
0.046500 0.504588
0.046600 0.504851
0.046700 0.505112
0.046800 0.505373
0.046900 0.505632
0.047000 0.505889
0.047100 0.506146
0.047200 0.506401
0.047300 0.506655
0.047400 0.506907
0.047500 0.507158
0.047600 0.507408
0.047700 0.507657
0.047800 0.507904
0.047900 0.508150
0.048000 0.508395
0.048100 0.508638
0.048200 0.508880
0.048300 0.509121
0.048400 0.509360
0.048500 0.509598
0.048600 0.509835
0.048700 0.510070
0.048800 0.510305
0.048900 0.510537
0.049000 0.510769
0.049100 0.510999
0.049200 0.511228
0.049300 0.511455
0.049400 0.511681
0.049500 0.511906
0.049600 0.512129
0.049700 0.512351
0.049800 0.512572
0.049900 0.512792
0.050000 0.513010
0.050100 0.513227
0.050200 0.513442
0.050300 0.513656
0.050400 0.513869
0.050500 0.514080
0.050600 0.514290
0.050700 0.514499
0.050800 0.514706
0.050900 0.514912
0.051000 0.515117
0.051100 0.515320
0.051200 0.515522
0.051300 0.515722
0.051400 0.515921
0.051500 0.516119
0.051600 0.516316
0.051700 0.516511
0.051800 0.516705
0.051900 0.516897
0.052000 0.517088
0.052100 0.517278
0.052200 0.517466
0.052300 0.517653
0.052400 0.517838
0.052500 0.518023
0.052600 0.518205
0.052700 0.518387
0.052800 0.518567
0.052900 0.518746
0.053000 0.518923
0.053100 0.519099
0.053200 0.519273
0.053300 0.519447
0.053400 0.519618
0.053500 0.519789
0.053600 0.519958
0.053700 0.520125
0.053800 0.520292
0.053900 0.520457
0.054000 0.520620
0.054100 0.520782
0.054200 0.520943
0.054300 0.521102
0.054400 0.521260
0.054500 0.521417
0.054600 0.521572
0.054700 0.521726
0.054800 0.521878
0.054900 0.522029
0.055000 0.522179
0.055100 0.522327
0.055200 0.522474
0.055300 0.522619
0.055400 0.522763
0.055500 0.522906
0.055600 0.523047
0.055700 0.523187
0.055800 0.523325
0.055900 0.523462
0.056000 0.523598
0.056100 0.523732
0.056200 0.523865
0.056300 0.523996
0.056400 0.524126
0.056500 0.524255
0.056600 0.524382
0.056700 0.524508
0.056800 0.524632
0.056900 0.524755
0.057000 0.524877
0.057100 0.524997
0.057200 0.525116
0.057300 0.525233
0.057400 0.525349
0.057500 0.525463
0.057600 0.525576
0.057700 0.525688
0.057800 0.525798
0.057900 0.525907
0.058000 0.526015
0.058100 0.526121
0.058200 0.526225
0.058300 0.526328
0.058400 0.526430
0.058500 0.526530
0.058600 0.526629
0.058700 0.526727
0.058800 0.526823
0.058900 0.526918
0.059000 0.527011
0.059100 0.527103
0.059200 0.527193
0.059300 0.527282
0.059400 0.527369
0.059500 0.527455
0.059600 0.527540
0.059700 0.527623
0.059800 0.527705
0.059900 0.527786
0.060000 0.527865
0.060100 0.527942
0.060200 0.528018
0.060300 0.528093
0.060400 0.528166
0.060500 0.528238
0.060600 0.528308
0.060700 0.528377
0.060800 0.528445
0.060900 0.528511
0.061000 0.528576
0.061100 0.528639
0.061200 0.528701
0.061300 0.528761
0.061400 0.528820
0.061500 0.528878
0.061600 0.528934
0.061700 0.528988
0.061800 0.529041
0.061900 0.529093
0.062000 0.529144
0.062100 0.529192
0.062200 0.529240
0.062300 0.529286
0.062400 0.529331
0.062500 0.529374
0.062600 0.529415
0.062700 0.529456
0.062800 0.529495
0.062900 0.529532
0.063000 0.529568
0.063100 0.529603
0.063200 0.529636
0.063300 0.529667
0.063400 0.529698
0.063500 0.529726
0.063600 0.529754
0.063700 0.529780
0.063800 0.529804
0.063900 0.529827
0.064000 0.529849
0.064100 0.529869
0.064200 0.529888
0.064300 0.529905
0.064400 0.529921
0.064500 0.529935
0.064600 0.529948
0.064700 0.529960
0.064800 0.529970
0.064900 0.529978
0.065000 0.529985
0.065100 0.529991
0.065200 0.529996
0.065300 0.529998
0.065400 0.530000
0.065500 0.530000
0.065600 0.529998
0.065700 0.529995
0.065800 0.529991
0.065900 0.529985
0.066000 0.529978
0.066100 0.529970
0.066200 0.529959
0.066300 0.529948
0.066400 0.529935
0.066500 0.529921
0.066600 0.529905
0.066700 0.529887
0.066800 0.529869
0.066900 0.529849
0.067000 0.529827
0.067100 0.529804
0.067200 0.529779
0.067300 0.529754
0.067400 0.529726
0.067500 0.529697
0.067600 0.529667
0.067700 0.529636
0.067800 0.529602
0.067900 0.529568
0.068000 0.529532
0.068100 0.529494
0.068200 0.529456
0.068300 0.529415
0.068400 0.529374
0.068500 0.529330
0.068600 0.529286
0.068700 0.529240
0.068800 0.529192
0.068900 0.529143
0.069000 0.529093
0.069100 0.529041
0.069200 0.528988
0.069300 0.528933
0.069400 0.528877
0.069500 0.528820
0.069600 0.528761
0.069700 0.528701
0.069800 0.528639
0.069900 0.528575
0.070000 0.528511
0.070100 0.528445
0.070200 0.528377
0.070300 0.528308
0.070400 0.528238
0.070500 0.528166
0.070600 0.528093
0.070700 0.528018
0.070800 0.527942
0.070900 0.527864
0.071000 0.527785
0.071100 0.527705
0.071200 0.527623
0.071300 0.527540
0.071400 0.527455
0.071500 0.527369
0.071600 0.527282
0.071700 0.527193
0.071800 0.527102
0.071900 0.527010
0.072000 0.526917
0.072100 0.526823
0.072200 0.526727
0.072300 0.526629
0.072400 0.526530
0.072500 0.526430
0.072600 0.526328
0.072700 0.526225
0.072800 0.526120
0.072900 0.526014
0.073000 0.525907
0.073100 0.525798
0.073200 0.525688
0.073300 0.525576
0.073400 0.525463
0.073500 0.525349
0.073600 0.525233
0.073700 0.525115
0.073800 0.524997
0.073900 0.524876
0.074000 0.524755
0.074100 0.524632
0.074200 0.524508
0.074300 0.524382
0.074400 0.524255
0.074500 0.524126
0.074600 0.523996
0.074700 0.523865
0.074800 0.523732
0.074900 0.523598
0.075000 0.523462
0.075100 0.523325
0.075200 0.523186
0.075300 0.523047
0.075400 0.522905
0.075500 0.522763
0.075600 0.522619
0.075700 0.522473
0.075800 0.522327
0.075900 0.522178
0.076000 0.522029
0.076100 0.521878
0.076200 0.521725
0.076300 0.521572
0.076400 0.521416
0.076500 0.521260
0.076600 0.521102
0.076700 0.520942
0.076800 0.520782
0.076900 0.520620
0.077000 0.520456
0.077100 0.520291
0.077200 0.520125
0.077300 0.519957
0.077400 0.519788
0.077500 0.519618
0.077600 0.519446
0.077700 0.519273
0.077800 0.519098
0.077900 0.518922
0.078000 0.518745
0.078100 0.518566
0.078200 0.518386
0.078300 0.518205
0.078400 0.518022
0.078500 0.517838
0.078600 0.517652
0.078700 0.517465
0.078800 0.517277
0.078900 0.517087
0.079000 0.516896
0.079100 0.516704
0.079200 0.516510
0.079300 0.516315
0.079400 0.516119
0.079500 0.515921
0.079600 0.515722
0.079700 0.515521
0.079800 0.515319
0.079900 0.515116
0.080000 0.514911
0.080100 0.514705
0.080200 0.514498
0.080300 0.514289
0.080400 0.514079
0.080500 0.513868
0.080600 0.513655
0.080700 0.513441
0.080800 0.513226
0.080900 0.513009
0.081000 0.512791
0.081100 0.512572
0.081200 0.512351
0.081300 0.512129
0.081400 0.511905
0.081500 0.511680
0.081600 0.511454
0.081700 0.511227
0.081800 0.510998
0.081900 0.510768
0.082000 0.510537
0.082100 0.510304
0.082200 0.510070
0.082300 0.509834
0.082400 0.509598
0.082500 0.509359
0.082600 0.509120
0.082700 0.508879
0.082800 0.508637
0.082900 0.508394
0.083000 0.508149
0.083100 0.507903
0.083200 0.507656
0.083300 0.507408
0.083400 0.507158
0.083500 0.506906
0.083600 0.506654
0.083700 0.506400
0.083800 0.506145
0.083900 0.505888
0.084000 0.505631
0.084100 0.505372
0.084200 0.505111
0.084300 0.504850
0.084400 0.504587
0.084500 0.504323
0.084600 0.504057
0.084700 0.503790
0.084800 0.503522
0.084900 0.503253
0.085000 0.502982
0.085100 0.502710
0.085200 0.502437
0.085300 0.502162
0.085400 0.501887
0.085500 0.501610
0.085600 0.501331
0.085700 0.501052
0.085800 0.500771
0.085900 0.500489
0.086000 0.500205
0.086100 0.499920
0.086200 0.499634
0.086300 0.499347
0.086400 0.499059
0.086500 0.498769
0.086600 0.498478
0.086700 0.498186
0.086800 0.497892
0.086900 0.497597
0.087000 0.497301
0.087100 0.497004
0.087200 0.496705
0.087300 0.496406
0.087400 0.496105
0.087500 0.495802
0.087600 0.495499
0.087700 0.495194
0.087800 0.494888
0.087900 0.494581
0.088000 0.494272
0.088100 0.493963
0.088200 0.493652
0.088300 0.493339
0.088400 0.493026
0.088500 0.492711
0.088600 0.492396
0.088700 0.492078
0.088800 0.491760
0.088900 0.491441
0.089000 0.491120
0.089100 0.490798
0.089200 0.490475
0.089300 0.490150
0.089400 0.489825
0.089500 0.489498
0.089600 0.489170
0.089700 0.488841
0.089800 0.488510
0.089900 0.488179
0.090000 0.487846
0.090100 0.487512
0.090200 0.487177
0.090300 0.486840
0.090400 0.486503
0.090500 0.486164
0.090600 0.485824
0.090700 0.485483
0.090800 0.485140
0.090900 0.484797
0.091000 0.484452
0.091100 0.484106
0.091200 0.483759
0.091300 0.483411
0.091400 0.483062
0.091500 0.482711
0.091600 0.482359
0.091700 0.482006
0.091800 0.481652
0.091900 0.481297
0.092000 0.480941
0.092100 0.480583
0.092200 0.480224
0.092300 0.479865
0.092400 0.479504
0.092500 0.479141
0.092600 0.478778
0.092700 0.478414
0.092800 0.478048
0.092900 0.477681
0.093000 0.477313
0.093100 0.476944
0.093200 0.476574
0.093300 0.476203
0.093400 0.475831
0.093500 0.475457
0.093600 0.475082
0.093700 0.474707
0.093800 0.474330
0.093900 0.473952
0.094000 0.473573
0.094100 0.473192
0.094200 0.472811
0.094300 0.472428
0.094400 0.472045
0.094500 0.471660
0.094600 0.471274
0.094700 0.470887
0.094800 0.470499
0.094900 0.470110
0.095000 0.469720
0.095100 0.469329
0.095200 0.468937
0.095300 0.468543
0.095400 0.468149
0.095500 0.467753
0.095600 0.467356
0.095700 0.466958
0.095800 0.466559
0.095900 0.466160
0.096000 0.465759
0.096100 0.465356
0.096200 0.464953
0.096300 0.464549
0.096400 0.464144
0.096500 0.463737
0.096600 0.463330
0.096700 0.462922
0.096800 0.462512
0.096900 0.462102
0.097000 0.461690
0.097100 0.461277
0.097200 0.460864
0.097300 0.460449
0.097400 0.460033
0.097500 0.459616
0.097600 0.459198
0.097700 0.458779
0.097800 0.458360
0.097900 0.457939
0.098000 0.457517
0.098100 0.457094
0.098200 0.456670
0.098300 0.456245
0.098400 0.455819
0.098500 0.455391
0.098600 0.454963
0.098700 0.454534
0.098800 0.454104
0.098900 0.453673
0.099000 0.453241
0.099100 0.452808
0.099200 0.452374
0.099300 0.451939
0.099400 0.451503
0.099500 0.451066
0.099600 0.450628
0.099700 0.450189
0.099800 0.449749
0.099900 0.449308
0.100000 0.448866
0.100100 0.448423
0.100200 0.447979
0.100300 0.447534
0.100400 0.447088
0.100500 0.446642
0.100600 0.446194
0.100700 0.445745
0.100800 0.445295
0.100900 0.444845
0.101000 0.444393
0.101100 0.443941
0.101200 0.443487
0.101300 0.443033
0.101400 0.442578
0.101500 0.442121
0.101600 0.441664
0.101700 0.441206
0.101800 0.440747
0.101900 0.440287
0.102000 0.439826
0.102100 0.439364
0.102200 0.438901
0.102300 0.438438
0.102400 0.437973
0.102500 0.437508
0.102600 0.437041
0.102700 0.436574
0.102800 0.436106
0.102900 0.435637
0.103000 0.435167
0.103100 0.434696
0.103200 0.434224
0.103300 0.433751
0.103400 0.433278
0.103500 0.432803
0.103600 0.432328
0.103700 0.431852
0.103800 0.431375
0.103900 0.430897
0.104000 0.430418
0.104100 0.429938
0.104200 0.429458
0.104300 0.428976
0.104400 0.428494
0.104500 0.428011
0.104600 0.427527
0.104700 0.427042
0.104800 0.426557
0.104900 0.426070
0.105000 0.425583
0.105100 0.425094
0.105200 0.424605
0.105300 0.424116
0.105400 0.423625
0.105500 0.423133
0.105600 0.422641
0.105700 0.422148
0.105800 0.421654
0.105900 0.421159
0.106000 0.420663
0.106100 0.420167
0.106200 0.419670
0.106300 0.419172
0.106400 0.418673
0.106500 0.418173
0.106600 0.417673
0.106700 0.417172
0.106800 0.416670
0.106900 0.416167
0.107000 0.415663
0.107100 0.415159
0.107200 0.414654
0.107300 0.414148
0.107400 0.413641
0.107500 0.413134
0.107600 0.412625
0.107700 0.412117
0.107800 0.411607
0.107900 0.411096
0.108000 0.410585
0.108100 0.410073
0.108200 0.409560
0.108300 0.409047
0.108400 0.408532
0.108500 0.408017
0.108600 0.407502
0.108700 0.406985
0.108800 0.406468
0.108900 0.405950
0.109000 0.405431
0.109100 0.404912
0.109200 0.404392
0.109300 0.403871
0.109400 0.403350
0.109500 0.402827
0.109600 0.402304
0.109700 0.401781
0.109800 0.401256
0.109900 0.400731
0.110000 0.400206
0.110100 0.399679
0.110200 0.399152
0.110300 0.398624
0.110400 0.398096
0.110500 0.397567
0.110600 0.397037
0.110700 0.396506
0.110800 0.395975
0.110900 0.395443
0.111000 0.394911
0.111100 0.394377
0.111200 0.393844
0.111300 0.393309
0.111400 0.392774
0.111500 0.392238
0.111600 0.391702
0.111700 0.391165
0.111800 0.390627
0.111900 0.390088
0.112000 0.389549
0.112100 0.389010
0.112200 0.388470
0.112300 0.387929
0.112400 0.387387
0.112500 0.386845
0.112600 0.386302
0.112700 0.385759
0.112800 0.385215
0.112900 0.384670
0.113000 0.384125
0.113100 0.383579
0.113200 0.383033
0.113300 0.382486
0.113400 0.381938
0.113500 0.381390
0.113600 0.380842
0.113700 0.380292
0.113800 0.379742
0.113900 0.379192
0.114000 0.378641
0.114100 0.378089
0.114200 0.377537
0.114300 0.376984
0.114400 0.376431
0.114500 0.375877
0.114600 0.375323
0.114700 0.374768
0.114800 0.374212
0.114900 0.373656
0.115000 0.373100
0.115100 0.372543
0.115200 0.371985
0.115300 0.371427
0.115400 0.370868
0.115500 0.370309
0.115600 0.369749
0.115700 0.369189
0.115800 0.368628
0.115900 0.368067
0.116000 0.367505
0.116100 0.366943
0.116200 0.366380
0.116300 0.365817
0.116400 0.365253
0.116500 0.364689
0.116600 0.364124
0.116700 0.363559
0.116800 0.362993
0.116900 0.362427
0.117000 0.361860
0.117100 0.361293
0.117200 0.360725
0.117300 0.360157
0.117400 0.359589
0.117500 0.359019
0.117600 0.358450
0.117700 0.357880
0.117800 0.357310
0.117900 0.356739
0.118000 0.356168
0.118100 0.355596
0.118200 0.355024
0.118300 0.354451
0.118400 0.353878
0.118500 0.353305
0.118600 0.352731
0.118700 0.352157
0.118800 0.351582
0.118900 0.351007
0.119000 0.350432
0.119100 0.349856
0.119200 0.349279
0.119300 0.348703
0.119400 0.348126
0.119500 0.347548
0.119600 0.346970
0.119700 0.346392
0.119800 0.345813
0.119900 0.345234
0.120000 0.344655
0.120100 0.344075
0.120200 0.343495
0.120300 0.342914
0.120400 0.342334
0.120500 0.341752
0.120600 0.341171
0.120700 0.340589
0.120800 0.340007
0.120900 0.339424
0.121000 0.338841
0.121100 0.338258
0.121200 0.337674
0.121300 0.337090
0.121400 0.336506
0.121500 0.335921
0.121600 0.335336
0.121700 0.334751
0.121800 0.334165
0.121900 0.333579
0.122000 0.332993
0.122100 0.332407
0.122200 0.331820
0.122300 0.331233
0.122400 0.330645
0.122500 0.330057
0.122600 0.329470
0.122700 0.328881
0.122800 0.328293
0.122900 0.327704
0.123000 0.327115
0.123100 0.326525
0.123200 0.325936
0.123300 0.325346
0.123400 0.324756
0.123500 0.324165
0.123600 0.323574
0.123700 0.322984
0.123800 0.322392
0.123900 0.321801
0.124000 0.321209
0.124100 0.320617
0.124200 0.320025
0.124300 0.319433
0.124400 0.318840
0.124500 0.318247
0.124600 0.317654
0.124700 0.317061
0.124800 0.316468
0.124900 0.315874
0.125000 0.315280
0.125100 0.314686
0.125200 0.314092
0.125300 0.313497
0.125400 0.312902
0.125500 0.312308
0.125600 0.311712
0.125700 0.311117
0.125800 0.310522
0.125900 0.309926
0.126000 0.309330
0.126100 0.308735
0.126200 0.308138
0.126300 0.307542
0.126400 0.306946
0.126500 0.306349
0.126600 0.305752
0.126700 0.305156
0.126800 0.304558
0.126900 0.303961
0.127000 0.303364
0.127100 0.302767
0.127200 0.302169
0.127300 0.301571
0.127400 0.300973
0.127500 0.300376
0.127600 0.299777
0.127700 0.299179
0.127800 0.298581
0.127900 0.297983
0.128000 0.297384
0.128100 0.296786
0.128200 0.296187
0.128300 0.295588
0.128400 0.294989
0.128500 0.294390
0.128600 0.293791
0.128700 0.293192
0.128800 0.292593
0.128900 0.291994
0.129000 0.291394
0.129100 0.290795
0.129200 0.290195
0.129300 0.289596
0.129400 0.288996
0.129500 0.288397
0.129600 0.287797
0.129700 0.287197
0.129800 0.286597
0.129900 0.285998
0.130000 0.285398
0.130100 0.284798
0.130200 0.284198
0.130300 0.283598
0.130400 0.282998
0.130500 0.282398
0.130600 0.281798
0.130700 0.281198
0.130800 0.280598
0.130900 0.279998
0.131000 0.279398
0.131100 0.278798
0.131200 0.278198
0.131300 0.277598
0.131400 0.276998
0.131500 0.276398
0.131600 0.275798
0.131700 0.275198
0.131800 0.274599
0.131900 0.273999
0.132000 0.273399
0.132100 0.272799
0.132200 0.272199
0.132300 0.271600
0.132400 0.271000
0.132500 0.270401
0.132600 0.269801
0.132700 0.269202
0.132800 0.268602
0.132900 0.268003
0.133000 0.267403
0.133100 0.266804
0.133200 0.266205
0.133300 0.265606
0.133400 0.265007
0.133500 0.264408
0.133600 0.263810
0.133700 0.263211
0.133800 0.262612
0.133900 0.262014
0.134000 0.261415
0.134100 0.260817
0.134200 0.260219
0.134300 0.259621
0.134400 0.259023
0.134500 0.258425
0.134600 0.257827
0.134700 0.257230
0.134800 0.256632
0.134900 0.256035
0.135000 0.255438
0.135100 0.254841
0.135200 0.254244
0.135300 0.253647
0.135400 0.253051
0.135500 0.252454
0.135600 0.251858
0.135700 0.251262
0.135800 0.250666
0.135900 0.250070
0.136000 0.249475
0.136100 0.248879
0.136200 0.248284
0.136300 0.247689
0.136400 0.247094
0.136500 0.246499
0.136600 0.245905
0.136700 0.245310
0.136800 0.244716
0.136900 0.244122
0.137000 0.243529
0.137100 0.242935
0.137200 0.242342
0.137300 0.241749
0.137400 0.241156
0.137500 0.240564
0.137600 0.239971
0.137700 0.239379
0.137800 0.238787
0.137900 0.238195
0.138000 0.237604
0.138100 0.237013
0.138200 0.236422
0.138300 0.235831
0.138400 0.235241
0.138500 0.234651
0.138600 0.234061
0.138700 0.233471
0.138800 0.232882
0.138900 0.232293
0.139000 0.231704
0.139100 0.231115
0.139200 0.230527
0.139300 0.229939
0.139400 0.229351
0.139500 0.228764
0.139600 0.228177
0.139700 0.227590
0.139800 0.227003
0.139900 0.226417
0.140000 0.225831
0.140100 0.225246
0.140200 0.224660
0.140300 0.224075
0.140400 0.223491
0.140500 0.222906
0.140600 0.222322
0.140700 0.221739
0.140800 0.221156
0.140900 0.220573
0.141000 0.219990
0.141100 0.219408
0.141200 0.218826
0.141300 0.218244
0.141400 0.217663
0.141500 0.217082
0.141600 0.216502
0.141700 0.215921
0.141800 0.215342
0.141900 0.214762
0.142000 0.214183
0.142100 0.213605
0.142200 0.213026
0.142300 0.212448
0.142400 0.211871
0.142500 0.211294
0.142600 0.210717
0.142700 0.210141
0.142800 0.209565
0.142900 0.208989
0.143000 0.208414
0.143100 0.207840
0.143200 0.207265
0.143300 0.206692
0.143400 0.206118
0.143500 0.205545
0.143600 0.204973
0.143700 0.204401
0.143800 0.203829
0.143900 0.203258
0.144000 0.202687
0.144100 0.202116
0.144200 0.201546
0.144300 0.200977
0.144400 0.200408
0.144500 0.199839
0.144600 0.199271
0.144700 0.198704
0.144800 0.198137
0.144900 0.197570
0.145000 0.197004
0.145100 0.196438
0.145200 0.195873
0.145300 0.195308
0.145400 0.194744
0.145500 0.194180
0.145600 0.193617
0.145700 0.193054
0.145800 0.192492
0.145900 0.191930
0.146000 0.191368
0.146100 0.190808
0.146200 0.190247
0.146300 0.189688
0.146400 0.189128
0.146500 0.188570
0.146600 0.188012
0.146700 0.187454
0.146800 0.186897
0.146900 0.186340
0.147000 0.185784
0.147100 0.185229
0.147200 0.184674
0.147300 0.184119
0.147400 0.183566
0.147500 0.183012
0.147600 0.182460
0.147700 0.181907
0.147800 0.181356
0.147900 0.180805
0.148000 0.180254
0.148100 0.179704
0.148200 0.179155
0.148300 0.178606
0.148400 0.178058
0.148500 0.177511
0.148600 0.176964
0.148700 0.176417
0.148800 0.175872
0.148900 0.175326
0.149000 0.174782
0.149100 0.174238
0.149200 0.173694
0.149300 0.173152
0.149400 0.172610
0.149500 0.172068
0.149600 0.171527
0.149700 0.170987
0.149800 0.170447
0.149900 0.169908
0.150000 0.169370
0.150100 0.168832
0.150200 0.168295
0.150300 0.167759
0.150400 0.167223
0.150500 0.166688
0.150600 0.166153
0.150700 0.165619
0.150800 0.165086
0.150900 0.164554
0.151000 0.164022
0.151100 0.163491
0.151200 0.162960
0.151300 0.162430
0.151400 0.161901
0.151500 0.161372
0.151600 0.160845
0.151700 0.160318
0.151800 0.159791
0.151900 0.159265
0.152000 0.158740
0.152100 0.158216
0.152200 0.157692
0.152300 0.157169
0.152400 0.156647
0.152500 0.156126
0.152600 0.155605
0.152700 0.155085
0.152800 0.154565
0.152900 0.154047
0.153000 0.153529
0.153100 0.153012
0.153200 0.152495
0.153300 0.151979
0.153400 0.151464
0.153500 0.150950
0.153600 0.150437
0.153700 0.149924
0.153800 0.149412
0.153900 0.148901
0.154000 0.148390
0.154100 0.147880
0.154200 0.147371
0.154300 0.146863
0.154400 0.146356
0.154500 0.145849
0.154600 0.145343
0.154700 0.144838
0.154800 0.144334
0.154900 0.143830
0.155000 0.143327
0.155100 0.142825
0.155200 0.142324
0.155300 0.141824
0.155400 0.141324
0.155500 0.140825
0.155600 0.140327
0.155700 0.139830
0.155800 0.139333
0.155900 0.138838
0.156000 0.138343
0.156100 0.137849
0.156200 0.137356
0.156300 0.136864
0.156400 0.136372
0.156500 0.135881
0.156600 0.135392
0.156700 0.134903
0.156800 0.134414
0.156900 0.133927
0.157000 0.133441
0.157100 0.132955
0.157200 0.132470
0.157300 0.131986
0.157400 0.131503
0.157500 0.131021
0.157600 0.130539
0.157700 0.130059
0.157800 0.129579
0.157900 0.129100
0.158000 0.128622
0.158100 0.128145
0.158200 0.127669
0.158300 0.127194
0.158400 0.126719
0.158500 0.126246
0.158600 0.125773
0.158700 0.125301
0.158800 0.124830
0.158900 0.124360
0.159000 0.123891
0.159100 0.123423
0.159200 0.122956
0.159300 0.122489
0.159400 0.122024
0.159500 0.121559
0.159600 0.121096
0.159700 0.120633
0.159800 0.120171
0.159900 0.119710
0.160000 0.119250
0.160100 0.118791
0.160200 0.118333
0.160300 0.117876
0.160400 0.117420
0.160500 0.116964
0.160600 0.116510
0.160700 0.116057
0.160800 0.115604
0.160900 0.115152
0.161000 0.114702
0.161100 0.114252
0.161200 0.113803
0.161300 0.113356
0.161400 0.112909
0.161500 0.112463
0.161600 0.112018
0.161700 0.111574
0.161800 0.111131
0.161900 0.110690
0.162000 0.110249
0.162100 0.109809
0.162200 0.109370
0.162300 0.108932
0.162400 0.108495
0.162500 0.108058
0.162600 0.107623
0.162700 0.107189
0.162800 0.106756
0.162900 0.106324
0.163000 0.105893
0.163100 0.105463
0.163200 0.105034
0.163300 0.104606
0.163400 0.104179
0.163500 0.103753
0.163600 0.103328
0.163700 0.102904
0.163800 0.102481
0.163900 0.102059
0.164000 0.101638
0.164100 0.101218
0.164200 0.100799
0.164300 0.100381
0.164400 0.099964
0.164500 0.099549
0.164600 0.099134
0.164700 0.098720
0.164800 0.098308
0.164900 0.097896
0.165000 0.097485
0.165100 0.097076
0.165200 0.096667
0.165300 0.096260
0.165400 0.095854
0.165500 0.095448
0.165600 0.095044
0.165700 0.094641
0.165800 0.094239
0.165900 0.093838
0.166000 0.093438
0.166100 0.093039
0.166200 0.092641
0.166300 0.092245
0.166400 0.091849
0.166500 0.091455
0.166600 0.091061
0.166700 0.090669
0.166800 0.090277
0.166900 0.089887
0.167000 0.089498
0.167100 0.089110
0.167200 0.088723
0.167300 0.088337
0.167400 0.087953
0.167500 0.087569
0.167600 0.087187
0.167700 0.086805
0.167800 0.086425
0.167900 0.086046
0.168000 0.085668
0.168100 0.085291
0.168200 0.084915
0.168300 0.084541
0.168400 0.084167
0.168500 0.083795
0.168600 0.083423
0.168700 0.083053
0.168800 0.082684
0.168900 0.082316
0.169000 0.081950
0.169100 0.081584
0.169200 0.081220
0.169300 0.080856
0.169400 0.080494
0.169500 0.080133
0.169600 0.079773
0.169700 0.079415
0.169800 0.079057
0.169900 0.078701
0.170000 0.078346
0.170100 0.077991
0.170200 0.077639
0.170300 0.077287
0.170400 0.076936
0.170500 0.076587
0.170600 0.076239
0.170700 0.075892
0.170800 0.075546
0.170900 0.075201
0.171000 0.074858
0.171100 0.074515
0.171200 0.074174
0.171300 0.073834
0.171400 0.073495
0.171500 0.073158
0.171600 0.072821
0.171700 0.072486
0.171800 0.072152
0.171900 0.071819
0.172000 0.071488
0.172100 0.071157
0.172200 0.070828
0.172300 0.070500
0.172400 0.070173
0.172500 0.069848
0.172600 0.069523
0.172700 0.069200
0.172800 0.068878
0.172900 0.068557
0.173000 0.068238
0.173100 0.067920
0.173200 0.067603
0.173300 0.067287
0.173400 0.066972
0.173500 0.066659
0.173600 0.066346
0.173700 0.066036
0.173800 0.065726
0.173900 0.065417
0.174000 0.065110
0.174100 0.064804
0.174200 0.064499
0.174300 0.064196
0.174400 0.063894
0.174500 0.063592
0.174600 0.063293
0.174700 0.062994
0.174800 0.062697
0.174900 0.062401
0.175000 0.062106
0.175100 0.061813
0.175200 0.061520
0.175300 0.061229
0.175400 0.060939
0.175500 0.060651
0.175600 0.060364
0.175700 0.060078
0.175800 0.059793
0.175900 0.059510
0.176000 0.059228
0.176100 0.058947
0.176200 0.058667
0.176300 0.058389
0.176400 0.058112
0.176500 0.057836
0.176600 0.057561
0.176700 0.057288
0.176800 0.057016
0.176900 0.056746
0.177000 0.056476
0.177100 0.056208
0.177200 0.055941
0.177300 0.055676
0.177400 0.055412
0.177500 0.055149
0.177600 0.054887
0.177700 0.054627
0.177800 0.054368
0.177900 0.054110
0.178000 0.053854
0.178100 0.053598
0.178200 0.053345
0.178300 0.053092
0.178400 0.052841
0.178500 0.052591
0.178600 0.052342
0.178700 0.052095
0.178800 0.051849
0.178900 0.051604
0.179000 0.051361
0.179100 0.051119
0.179200 0.050878
0.179300 0.050639
0.179400 0.050401
0.179500 0.050164
0.179600 0.049929
0.179700 0.049695
0.179800 0.049462
0.179900 0.049231
0.180000 0.049000
0.180100 0.048772
0.180200 0.048544
0.180300 0.048318
0.180400 0.048093
0.180500 0.047870
0.180600 0.047648
0.180700 0.047427
0.180800 0.047208
0.180900 0.046990
0.181000 0.046773
0.181100 0.046557
0.181200 0.046343
0.181300 0.046131
0.181400 0.045919
0.181500 0.045709
0.181600 0.045501
0.181700 0.045293
0.181800 0.045087
0.181900 0.044883
0.182000 0.044680
0.182100 0.044478
0.182200 0.044277
0.182300 0.044078
0.182400 0.043880
0.182500 0.043684
0.182600 0.043489
0.182700 0.043295
0.182800 0.043102
0.182900 0.042911
0.183000 0.042722
0.183100 0.042533
0.183200 0.042347
0.183300 0.042161
0.183400 0.041977
0.183500 0.041794
0.183600 0.041613
0.183700 0.041433
0.183800 0.041254
0.183900 0.041077
0.184000 0.040901
0.184100 0.040726
0.184200 0.040553
0.184300 0.040381
0.184400 0.040211
0.184500 0.040042
0.184600 0.039874
0.184700 0.039708
0.184800 0.039543
0.184900 0.039379
0.185000 0.039217
0.185100 0.039057
0.185200 0.038897
0.185300 0.038739
0.185400 0.038583
0.185500 0.038428
0.185600 0.038274
0.185700 0.038121
0.185800 0.037970
0.185900 0.037821
0.186000 0.037673
0.186100 0.037526
0.186200 0.037380
0.186300 0.037236
0.186400 0.037094
0.186500 0.036953
0.186600 0.036813
0.186700 0.036674
0.186800 0.036537
0.186900 0.036402
0.187000 0.036267
0.187100 0.036135
0.187200 0.036003
0.187300 0.035873
0.187400 0.035745
0.187500 0.035617
0.187600 0.035492
0.187700 0.035367
0.187800 0.035244
0.187900 0.035123
0.188000 0.035003
0.188100 0.034884
0.188200 0.034767
0.188300 0.034651
0.188400 0.034536
0.188500 0.034423
0.188600 0.034312
0.188700 0.034201
0.188800 0.034092
0.188900 0.033985
0.189000 0.033879
0.189100 0.033774
0.189200 0.033671
0.189300 0.033570
0.189400 0.033469
0.189500 0.033370
0.189600 0.033273
0.189700 0.033177
0.189800 0.033082
0.189900 0.032989
0.190000 0.032897
0.190100 0.032807
0.190200 0.032718
0.190300 0.032630
0.190400 0.032544
0.190500 0.032460
0.190600 0.032376
0.190700 0.032295
0.190800 0.032214
0.190900 0.032135
0.191000 0.032058
0.191100 0.031982
0.191200 0.031907
0.191300 0.031834
0.191400 0.031762
0.191500 0.031691
0.191600 0.031622
0.191700 0.031555
0.191800 0.031489
0.191900 0.031424
0.192000 0.031361
0.192100 0.031299
0.192200 0.031239
0.192300 0.031180
0.192400 0.031122
0.192500 0.031066
0.192600 0.031012
0.192700 0.030958
0.192800 0.030907
0.192900 0.030856
0.193000 0.030807
0.193100 0.030760
0.193200 0.030714
0.193300 0.030669
0.193400 0.030626
0.193500 0.030584
0.193600 0.030544
0.193700 0.030505
0.193800 0.030468
0.193900 0.030432
0.194000 0.030397
0.194100 0.030364
0.194200 0.030333
0.194300 0.030302
0.194400 0.030274
0.194500 0.030246
0.194600 0.030220
0.194700 0.030196
0.194800 0.030173
0.194900 0.030151
0.195000 0.030131
0.195100 0.030112
0.195200 0.030095
0.195300 0.030079
0.195400 0.030065
0.195500 0.030052
0.195600 0.030040
0.195700 0.030030
0.195800 0.030022
0.195900 0.030015
0.196000 0.030009
0.196100 0.030004
0.196200 0.030002
0.196300 0.030000
0.196400 0.030000
0.196500 0.030002
0.196600 0.030005
0.196700 0.030009
0.196800 0.030015
0.196900 0.030022
0.197000 0.030030
0.197100 0.030041
0.197200 0.030052
0.197300 0.030065
0.197400 0.030079
0.197500 0.030095
0.197600 0.030113
0.197700 0.030131
0.197800 0.030151
0.197900 0.030173
0.198000 0.030196
0.198100 0.030221
0.198200 0.030247
0.198300 0.030274
0.198400 0.030303
0.198500 0.030333
0.198600 0.030365
0.198700 0.030398
0.198800 0.030432
0.198900 0.030468
0.199000 0.030506
0.199100 0.030544
0.199200 0.030585
0.199300 0.030627
0.199400 0.030670
0.199500 0.030714
0.199600 0.030760
0.199700 0.030808
0.199800 0.030857
0.199900 0.030907
0.200000 0.030959
0.200100 0.031012
0.200200 0.031067
0.200300 0.031123
0.200400 0.031180
0.200500 0.031239
0.200600 0.031300
0.200700 0.031361
0.200800 0.031425
0.200900 0.031489
0.201000 0.031556
0.201100 0.031623
0.201200 0.031692
0.201300 0.031762
0.201400 0.031834
0.201500 0.031908
0.201600 0.031982
0.201700 0.032058
0.201800 0.032136
0.201900 0.032215
0.202000 0.032295
0.202100 0.032377
0.202200 0.032460
0.202300 0.032545
0.202400 0.032631
0.202500 0.032719
0.202600 0.032808
0.202700 0.032898
0.202800 0.032990
0.202900 0.033083
0.203000 0.033178
0.203100 0.033274
0.203200 0.033371
0.203300 0.033470
0.203400 0.033571
0.203500 0.033672
0.203600 0.033775
0.203700 0.033880
0.203800 0.033986
0.203900 0.034093
0.204000 0.034202
0.204100 0.034313
0.204200 0.034424
0.204300 0.034537
0.204400 0.034652
0.204500 0.034768
0.204600 0.034885
0.204700 0.035004
0.204800 0.035124
0.204900 0.035245
0.205000 0.035368
0.205100 0.035493
0.205200 0.035619
0.205300 0.035746
0.205400 0.035874
0.205500 0.036004
0.205600 0.036136
0.205700 0.036269
0.205800 0.036403
0.205900 0.036539
0.206000 0.036676
0.206100 0.036814
0.206200 0.036954
0.206300 0.037095
0.206400 0.037238
0.206500 0.037382
0.206600 0.037527
0.206700 0.037674
0.206800 0.037822
0.206900 0.037972
0.207000 0.038123
0.207100 0.038275
0.207200 0.038429
0.207300 0.038584
0.207400 0.038741
0.207500 0.038899
0.207600 0.039058
0.207700 0.039219
0.207800 0.039381
0.207900 0.039544
0.208000 0.039709
0.208100 0.039876
0.208200 0.040043
0.208300 0.040212
0.208400 0.040383
0.208500 0.040555
0.208600 0.040728
0.208700 0.040902
0.208800 0.041078
0.208900 0.041256
0.209000 0.041434
0.209100 0.041614
0.209200 0.041796
0.209300 0.041979
0.209400 0.042163
0.209500 0.042348
0.209600 0.042535
0.209700 0.042723
0.209800 0.042913
0.209900 0.043104
0.210000 0.043297
0.210100 0.043490
0.210200 0.043685
0.210300 0.043882
0.210400 0.044080
0.210500 0.044279
0.210600 0.044479
0.210700 0.044681
0.210800 0.044885
0.210900 0.045089
0.211000 0.045295
0.211100 0.045503
0.211200 0.045711
0.211300 0.045921
0.211400 0.046133
0.211500 0.046345
0.211600 0.046559
0.211700 0.046775
0.211800 0.046992
0.211900 0.047210
0.212000 0.047429
0.212100 0.047650
0.212200 0.047872
0.212300 0.048095
0.212400 0.048320
0.212500 0.048546
0.212600 0.048774
0.212700 0.049003
0.212800 0.049233
0.212900 0.049464
0.213000 0.049697
0.213100 0.049931
0.213200 0.050166
0.213300 0.050403
0.213400 0.050641
0.213500 0.050881
0.213600 0.051121
0.213700 0.051363
0.213800 0.051607
0.213900 0.051851
0.214000 0.052097
0.214100 0.052345
0.214200 0.052593
0.214300 0.052843
0.214400 0.053094
0.214500 0.053347
0.214600 0.053601
0.214700 0.053856
0.214800 0.054112
0.214900 0.054370
0.215000 0.054629
0.215100 0.054889
0.215200 0.055151
0.215300 0.055414
0.215400 0.055678
0.215500 0.055944
0.215600 0.056211
0.215700 0.056479
0.215800 0.056748
0.215900 0.057019
0.216000 0.057291
0.216100 0.057564
0.216200 0.057838
0.216300 0.058114
0.216400 0.058391
0.216500 0.058670
0.216600 0.058949
0.216700 0.059230
0.216800 0.059512
0.216900 0.059796
0.217000 0.060080
0.217100 0.060366
0.217200 0.060654
0.217300 0.060942
0.217400 0.061232
0.217500 0.061523
0.217600 0.061815
0.217700 0.062109
0.217800 0.062404
0.217900 0.062700
0.218000 0.062997
0.218100 0.063295
0.218200 0.063595
0.218300 0.063896
0.218400 0.064199
0.218500 0.064502
0.218600 0.064807
0.218700 0.065113
0.218800 0.065420
0.218900 0.065729
0.219000 0.066038
0.219100 0.066349
0.219200 0.066662
0.219300 0.066975
0.219400 0.067290
0.219500 0.067605
0.219600 0.067923
0.219700 0.068241
0.219800 0.068560
0.219900 0.068881
0.220000 0.069203
0.220100 0.069526
0.220200 0.069851
0.220300 0.070176
0.220400 0.070503
0.220500 0.070831
0.220600 0.071160
0.220700 0.071491
0.220800 0.071822
0.220900 0.072155
0.221000 0.072489
0.221100 0.072824
0.221200 0.073161
0.221300 0.073498
0.221400 0.073837
0.221500 0.074177
0.221600 0.074518
0.221700 0.074861
0.221800 0.075204
0.221900 0.075549
0.222000 0.075895
0.222100 0.076242
0.222200 0.076590
0.222300 0.076940
0.222400 0.077290
0.222500 0.077642
0.222600 0.077995
0.222700 0.078349
0.222800 0.078704
0.222900 0.079060
0.223000 0.079418
0.223100 0.079777
0.223200 0.080137
0.223300 0.080498
0.223400 0.080860
0.223500 0.081223
0.223600 0.081588
0.223700 0.081953
0.223800 0.082320
0.223900 0.082688
0.224000 0.083057
0.224100 0.083427
0.224200 0.083798
0.224300 0.084171
0.224400 0.084544
0.224500 0.084919
0.224600 0.085295
0.224700 0.085671
0.224800 0.086049
0.224900 0.086429
0.225000 0.086809
0.225100 0.087190
0.225200 0.087573
0.225300 0.087956
0.225400 0.088341
0.225500 0.088727
0.225600 0.089114
0.225700 0.089502
0.225800 0.089891
0.225900 0.090281
0.226000 0.090672
0.226100 0.091065
0.226200 0.091458
0.226300 0.091853
0.226400 0.092248
0.226500 0.092645
0.226600 0.093043
0.226700 0.093442
0.226800 0.093842
0.226900 0.094243
0.227000 0.094645
0.227100 0.095048
0.227200 0.095452
0.227300 0.095857
0.227400 0.096264
0.227500 0.096671
0.227600 0.097080
0.227700 0.097489
0.227800 0.097900
0.227900 0.098311
0.228000 0.098724
0.228100 0.099138
0.228200 0.099552
0.228300 0.099968
0.228400 0.100385
0.228500 0.100803
0.228600 0.101222
0.228700 0.101642
0.228800 0.102063
0.228900 0.102485
0.229000 0.102908
0.229100 0.103332
0.229200 0.103757
0.229300 0.104183
0.229400 0.104610
0.229500 0.105038
0.229600 0.105467
0.229700 0.105897
0.229800 0.106328
0.229900 0.106760
0.230000 0.107193
0.230100 0.107627
0.230200 0.108062
0.230300 0.108499
0.230400 0.108936
0.230500 0.109374
0.230600 0.109813
0.230700 0.110253
0.230800 0.110694
0.230900 0.111136
0.231000 0.111578
0.231100 0.112022
0.231200 0.112467
0.231300 0.112913
0.231400 0.113360
0.231500 0.113808
0.231600 0.114256
0.231700 0.114706
0.231800 0.115157
0.231900 0.115608
0.232000 0.116061
0.232100 0.116514
0.232200 0.116969
0.232300 0.117424
0.232400 0.117880
0.232500 0.118337
0.232600 0.118795
0.232700 0.119255
0.232800 0.119715
0.232900 0.120175
0.233000 0.120637
0.233100 0.121100
0.233200 0.121564
0.233300 0.122028
0.233400 0.122494
0.233500 0.122960
0.233600 0.123427
0.233700 0.123896
0.233800 0.124365
0.233900 0.124835
0.234000 0.125306
0.234100 0.125777
0.234200 0.126250
0.234300 0.126724
0.234400 0.127198
0.234500 0.127673
0.234600 0.128150
0.234700 0.128627
0.234800 0.129105
0.234900 0.129583
0.235000 0.130063
0.235100 0.130544
0.235200 0.131025
0.235300 0.131507
0.235400 0.131991
0.235500 0.132474
0.235600 0.132959
0.235700 0.133445
0.235800 0.133931
0.235900 0.134419
0.236000 0.134907
0.236100 0.135396
0.236200 0.135886
0.236300 0.136377
0.236400 0.136868
0.236500 0.137360
0.236600 0.137854
0.236700 0.138348
0.236800 0.138842
0.236900 0.139338
0.237000 0.139834
0.237100 0.140332
0.237200 0.140830
0.237300 0.141329
0.237400 0.141828
0.237500 0.142329
0.237600 0.142830
0.237700 0.143332
0.237800 0.143835
0.237900 0.144338
0.238000 0.144843
0.238100 0.145348
0.238200 0.145854
0.238300 0.146360
0.238400 0.146868
0.238500 0.147376
0.238600 0.147885
0.238700 0.148395
0.238800 0.148905
0.238900 0.149417
0.239000 0.149929
0.239100 0.150441
0.239200 0.150955
0.239300 0.151469
0.239400 0.151984
0.239500 0.152500
0.239600 0.153016
0.239700 0.153534
0.239800 0.154051
0.239900 0.154570
0.240000 0.155090
0.240100 0.155610
0.240200 0.156130
0.240300 0.156652
0.240400 0.157174
0.240500 0.157697
0.240600 0.158221
0.240700 0.158745
0.240800 0.159270
0.240900 0.159796
0.241000 0.160322
0.241100 0.160850
0.241200 0.161377
0.241300 0.161906
0.241400 0.162435
0.241500 0.162965
0.241600 0.163495
0.241700 0.164027
0.241800 0.164558
0.241900 0.165091
0.242000 0.165624
0.242100 0.166158
0.242200 0.166693
0.242300 0.167228
0.242400 0.167764
0.242500 0.168300
0.242600 0.168837
0.242700 0.169375
0.242800 0.169913
0.242900 0.170452
0.243000 0.170992
0.243100 0.171532
0.243200 0.172073
0.243300 0.172615
0.243400 0.173157
0.243500 0.173699
0.243600 0.174243
0.243700 0.174787
0.243800 0.175331
0.243900 0.175877
0.244000 0.176422
0.244100 0.176969
0.244200 0.177516
0.244300 0.178063
0.244400 0.178611
0.244500 0.179160
0.244600 0.179709
0.244700 0.180259
0.244800 0.180810
0.244900 0.181361
0.245000 0.181912
0.245100 0.182465
0.245200 0.183017
0.245300 0.183571
0.245400 0.184124
0.245500 0.184679
0.245600 0.185234
0.245700 0.185789
0.245800 0.186345
0.245900 0.186902
0.246000 0.187459
0.246100 0.188017
0.246200 0.188575
0.246300 0.189134
0.246400 0.189693
0.246500 0.190253
0.246600 0.190813
0.246700 0.191374
0.246800 0.191935
0.246900 0.192497
0.247000 0.193059
0.247100 0.193622
0.247200 0.194185
0.247300 0.194749
0.247400 0.195313
0.247500 0.195878
0.247600 0.196443
0.247700 0.197009
0.247800 0.197575
0.247900 0.198142
0.248000 0.198709
0.248100 0.199277
0.248200 0.199845
0.248300 0.200413
0.248400 0.200982
0.248500 0.201552
0.248600 0.202122
0.248700 0.202692
0.248800 0.203263
0.248900 0.203834
0.249000 0.204406
0.249100 0.204978
0.249200 0.205550
0.249300 0.206123
0.249400 0.206697
0.249500 0.207271
0.249600 0.207845
0.249700 0.208420
0.249800 0.208995
0.249900 0.209570
0.250000 0.210146
0.250100 0.210722
0.250200 0.211299
0.250300 0.211876
0.250400 0.212454
0.250500 0.213032
0.250600 0.213610
0.250700 0.214189
0.250800 0.214768
0.250900 0.215347
0.251000 0.215927
0.251100 0.216507
0.251200 0.217087
0.251300 0.217668
0.251400 0.218249
0.251500 0.218831
0.251600 0.219413
0.251700 0.219995
0.251800 0.220578
0.251900 0.221161
0.252000 0.221744
0.252100 0.222328
0.252200 0.222912
0.252300 0.223496
0.252400 0.224081
0.252500 0.224666
0.252600 0.225251
0.252700 0.225837
0.252800 0.226423
0.252900 0.227009
0.253000 0.227595
0.253100 0.228182
0.253200 0.228769
0.253300 0.229357
0.253400 0.229944
0.253500 0.230532
0.253600 0.231121
0.253700 0.231709
0.253800 0.232298
0.253900 0.232887
0.254000 0.233476
0.254100 0.234066
0.254200 0.234656
0.254300 0.235246
0.254400 0.235837
0.254500 0.236427
0.254600 0.237018
0.254700 0.237609
0.254800 0.238201
0.254900 0.238793
0.255000 0.239384
0.255100 0.239977
0.255200 0.240569
0.255300 0.241162
0.255400 0.241754
0.255500 0.242347
0.255600 0.242941
0.255700 0.243534
0.255800 0.244128
0.255900 0.244722
0.256000 0.245316
0.256100 0.245910
0.256200 0.246505
0.256300 0.247099
0.256400 0.247694
0.256500 0.248289
0.256600 0.248885
0.256700 0.249480
0.256800 0.250076
0.256900 0.250671
0.257000 0.251267
0.257100 0.251863
0.257200 0.252460
0.257300 0.253056
0.257400 0.253653
0.257500 0.254249
0.257600 0.254846
0.257700 0.255443
0.257800 0.256041
0.257900 0.256638
0.258000 0.257235
0.258100 0.257833
0.258200 0.258431
0.258300 0.259028
0.258400 0.259626
0.258500 0.260224
0.258600 0.260823
0.258700 0.261421
0.258800 0.262019
0.258900 0.262618
0.259000 0.263216
0.259100 0.263815
0.259200 0.264414
0.259300 0.265013
0.259400 0.265612
0.259500 0.266211
0.259600 0.266810
0.259700 0.267409
0.259800 0.268008
0.259900 0.268608
0.260000 0.269207
0.260100 0.269806
0.260200 0.270406
0.260300 0.271006
0.260400 0.271605
0.260500 0.272205
0.260600 0.272805
0.260700 0.273404
0.260800 0.274004
0.260900 0.274604
0.261000 0.275204
0.261100 0.275804
0.261200 0.276404
0.261300 0.277004
0.261400 0.277604
0.261500 0.278204
0.261600 0.278804
0.261700 0.279404
0.261800 0.280004
0.261900 0.280604
0.262000 0.281204
0.262100 0.281804
0.262200 0.282404
0.262300 0.283004
0.262400 0.283604
0.262500 0.284203
0.262600 0.284803
0.262700 0.285403
0.262800 0.286003
0.262900 0.286603
0.263000 0.287203
0.263100 0.287802
0.263200 0.288402
0.263300 0.289002
0.263400 0.289601
0.263500 0.290201
0.263600 0.290800
0.263700 0.291400
0.263800 0.291999
0.263900 0.292598
0.264000 0.293198
0.264100 0.293797
0.264200 0.294396
0.264300 0.294995
0.264400 0.295594
0.264500 0.296192
0.264600 0.296791
0.264700 0.297390
0.264800 0.297988
0.264900 0.298587
0.265000 0.299185
0.265100 0.299783
0.265200 0.300381
0.265300 0.300979
0.265400 0.301577
0.265500 0.302174
0.265600 0.302772
0.265700 0.303370
0.265800 0.303967
0.265900 0.304564
0.266000 0.305161
0.266100 0.305758
0.266200 0.306355
0.266300 0.306951
0.266400 0.307548
0.266500 0.308144
0.266600 0.308740
0.266700 0.309336
0.266800 0.309932
0.266900 0.310527
0.267000 0.311123
0.267100 0.311718
0.267200 0.312313
0.267300 0.312908
0.267400 0.313503
0.267500 0.314097
0.267600 0.314691
0.267700 0.315285
0.267800 0.315879
0.267900 0.316473
0.268000 0.317067
0.268100 0.317660
0.268200 0.318253
0.268300 0.318846
0.268400 0.319438
0.268500 0.320031
0.268600 0.320623
0.268700 0.321215
0.268800 0.321806
0.268900 0.322398
0.269000 0.322989
0.269100 0.323580
0.269200 0.324171
0.269300 0.324761
0.269400 0.325351
0.269500 0.325941
0.269600 0.326531
0.269700 0.327120
0.269800 0.327709
0.269900 0.328298
0.270000 0.328887
0.270100 0.329475
0.270200 0.330063
0.270300 0.330651
0.270400 0.331238
0.270500 0.331825
0.270600 0.332412
0.270700 0.332998
0.270800 0.333585
0.270900 0.334171
0.271000 0.334756
0.271100 0.335341
0.271200 0.335926
0.271300 0.336511
0.271400 0.337095
0.271500 0.337679
0.271600 0.338263
0.271700 0.338846
0.271800 0.339429
0.271900 0.340012
0.272000 0.340594
0.272100 0.341176
0.272200 0.341758
0.272300 0.342339
0.272400 0.342920
0.272500 0.343500
0.272600 0.344080
0.272700 0.344660
0.272800 0.345240
0.272900 0.345819
0.273000 0.346397
0.273100 0.346975
0.273200 0.347553
0.273300 0.348131
0.273400 0.348708
0.273500 0.349285
0.273600 0.349861
0.273700 0.350437
0.273800 0.351012
0.273900 0.351587
0.274000 0.352162
0.274100 0.352736
0.274200 0.353310
0.274300 0.353884
0.274400 0.354457
0.274500 0.355029
0.274600 0.355601
0.274700 0.356173
0.274800 0.356744
0.274900 0.357315
0.275000 0.357885
0.275100 0.358455
0.275200 0.359025
0.275300 0.359594
0.275400 0.360162
0.275500 0.360730
0.275600 0.361298
0.275700 0.361865
0.275800 0.362432
0.275900 0.362998
0.276000 0.363564
0.276100 0.364129
0.276200 0.364694
0.276300 0.365258
0.276400 0.365822
0.276500 0.366385
0.276600 0.366948
0.276700 0.367510
0.276800 0.368072
0.276900 0.368633
0.277000 0.369194
0.277100 0.369754
0.277200 0.370314
0.277300 0.370873
0.277400 0.371432
0.277500 0.371990
0.277600 0.372548
0.277700 0.373105
0.277800 0.373661
0.277900 0.374217
0.278000 0.374773
0.278100 0.375328
0.278200 0.375882
0.278300 0.376436
0.278400 0.376989
0.278500 0.377542
0.278600 0.378094
0.278700 0.378646
0.278800 0.379197
0.278900 0.379747
0.279000 0.380297
0.279100 0.380847
0.279200 0.381395
0.279300 0.381943
0.279400 0.382491
0.279500 0.383038
0.279600 0.383584
0.279700 0.384130
0.279800 0.384675
0.279900 0.385220
0.280000 0.385764
0.280100 0.386307
0.280200 0.386850
0.280300 0.387392
0.280400 0.387934
0.280500 0.388474
0.280600 0.389015
0.280700 0.389554
0.280800 0.390093
0.280900 0.390632
0.281000 0.391169
0.281100 0.391707
0.281200 0.392243
0.281300 0.392779
0.281400 0.393314
0.281500 0.393848
0.281600 0.394382
0.281700 0.394916
0.281800 0.395448
0.281900 0.395980
0.282000 0.396511
0.282100 0.397042
0.282200 0.397571
0.282300 0.398101
0.282400 0.398629
0.282500 0.399157
0.282600 0.399684
0.282700 0.400210
0.282800 0.400736
0.282900 0.401261
0.283000 0.401786
0.283100 0.402309
0.283200 0.402832
0.283300 0.403354
0.283400 0.403876
0.283500 0.404397
0.283600 0.404917
0.283700 0.405436
0.283800 0.405955
0.283900 0.406473
0.284000 0.406990
0.284100 0.407506
0.284200 0.408022
0.284300 0.408537
0.284400 0.409051
0.284500 0.409565
0.284600 0.410078
0.284700 0.410590
0.284800 0.411101
0.284900 0.411611
0.285000 0.412121
0.285100 0.412630
0.285200 0.413138
0.285300 0.413646
0.285400 0.414153
0.285500 0.414658
0.285600 0.415164
0.285700 0.415668
0.285800 0.416172
0.285900 0.416674
0.286000 0.417176
0.286100 0.417678
0.286200 0.418178
0.286300 0.418678
0.286400 0.419176
0.286500 0.419674
0.286600 0.420172
0.286700 0.420668
0.286800 0.421164
0.286900 0.421658
0.287000 0.422152
0.287100 0.422646
0.287200 0.423138
0.287300 0.423629
0.287400 0.424120
0.287500 0.424610
0.287600 0.425099
0.287700 0.425587
0.287800 0.426074
0.287900 0.426561
0.288000 0.427047
0.288100 0.427531
0.288200 0.428015
0.288300 0.428499
0.288400 0.428981
0.288500 0.429462
0.288600 0.429943
0.288700 0.430422
0.288800 0.430901
0.288900 0.431379
0.289000 0.431856
0.289100 0.432332
0.289200 0.432808
0.289300 0.433282
0.289400 0.433756
0.289500 0.434228
0.289600 0.434700
0.289700 0.435171
0.289800 0.435641
0.289900 0.436110
0.290000 0.436578
0.290100 0.437046
0.290200 0.437512
0.290300 0.437977
0.290400 0.438442
0.290500 0.438906
0.290600 0.439368
0.290700 0.439830
0.290800 0.440291
0.290900 0.440751
0.291000 0.441210
0.291100 0.441668
0.291200 0.442125
0.291300 0.442582
0.291400 0.443037
0.291500 0.443491
0.291600 0.443945
0.291700 0.444397
0.291800 0.444849
0.291900 0.445300
0.292000 0.445749
0.292100 0.446198
0.292200 0.446646
0.292300 0.447092
0.292400 0.447538
0.292500 0.447983
0.292600 0.448427
0.292700 0.448870
0.292800 0.449312
0.292900 0.449753
0.293000 0.450193
0.293100 0.450632
0.293200 0.451070
0.293300 0.451507
0.293400 0.451943
0.293500 0.452378
0.293600 0.452812
0.293700 0.453245
0.293800 0.453677
0.293900 0.454108
0.294000 0.454538
0.294100 0.454967
0.294200 0.455395
0.294300 0.455822
0.294400 0.456249
0.294500 0.456674
0.294600 0.457098
0.294700 0.457521
0.294800 0.457942
0.294900 0.458363
0.295000 0.458783
0.295100 0.459202
0.295200 0.459620
0.295300 0.460037
0.295400 0.460453
0.295500 0.460867
0.295600 0.461281
0.295700 0.461694
0.295800 0.462105
0.295900 0.462516
0.296000 0.462925
0.296100 0.463334
0.296200 0.463741
0.296300 0.464148
0.296400 0.464553
0.296500 0.464957
0.296600 0.465360
0.296700 0.465762
0.296800 0.466163
0.296900 0.466563
0.297000 0.466962
0.297100 0.467360
0.297200 0.467757
0.297300 0.468152
0.297400 0.468547
0.297500 0.468940
0.297600 0.469332
0.297700 0.469724
0.297800 0.470114
0.297900 0.470503
0.298000 0.470891
0.298100 0.471278
0.298200 0.471664
0.298300 0.472048
0.298400 0.472432
0.298500 0.472814
0.298600 0.473196
0.298700 0.473576
0.298800 0.473955
0.298900 0.474333
0.299000 0.474710
0.299100 0.475086
0.299200 0.475460
0.299300 0.475834
0.299400 0.476206
0.299500 0.476578
0.299600 0.476948
0.299700 0.477317
0.299800 0.477685
0.299900 0.478051
0.300000 0.478417
0.300100 0.478781
0.300200 0.479145
0.300300 0.479507
0.300400 0.479868
0.300500 0.480228
0.300600 0.480586
0.300700 0.480944
0.300800 0.481300
0.300900 0.481656
0.301000 0.482010
0.301100 0.482362
0.301200 0.482714
0.301300 0.483065
0.301400 0.483414
0.301500 0.483762
0.301600 0.484109
0.301700 0.484455
0.301800 0.484800
0.301900 0.485144
0.302000 0.485486
0.302100 0.485827
0.302200 0.486167
0.302300 0.486506
0.302400 0.486843
0.302500 0.487180
0.302600 0.487515
0.302700 0.487849
0.302800 0.488182
0.302900 0.488513
0.303000 0.488844
0.303100 0.489173
0.303200 0.489501
0.303300 0.489828
0.303400 0.490153
0.303500 0.490478
0.303600 0.490801
0.303700 0.491123
0.303800 0.491444
0.303900 0.491763
0.304000 0.492081
0.304100 0.492398
0.304200 0.492714
0.304300 0.493029
0.304400 0.493342
0.304500 0.493654
0.304600 0.493965
0.304700 0.494275
0.304800 0.494584
0.304900 0.494891
0.305000 0.495197
0.305100 0.495502
0.305200 0.495805
0.305300 0.496107
0.305400 0.496408
0.305500 0.496708
0.305600 0.497007
0.305700 0.497304
0.305800 0.497600
0.305900 0.497895
0.306000 0.498188
0.306100 0.498481
0.306200 0.498772
0.306300 0.499061
0.306400 0.499350
0.306500 0.499637
0.306600 0.499923
0.306700 0.500208
0.306800 0.500491
0.306900 0.500773
0.307000 0.501054
0.307100 0.501334
0.307200 0.501612
0.307300 0.501889
0.307400 0.502165
0.307500 0.502439
0.307600 0.502713
0.307700 0.502985
0.307800 0.503255
0.307900 0.503525
0.308000 0.503793
0.308100 0.504060
0.308200 0.504325
0.308300 0.504589
0.308400 0.504852
0.308500 0.505114
0.308600 0.505374
0.308700 0.505633
0.308800 0.505891
0.308900 0.506147
0.309000 0.506402
0.309100 0.506656
0.309200 0.506909
0.309300 0.507160
0.309400 0.507410
0.309500 0.507658
0.309600 0.507906
0.309700 0.508152
0.309800 0.508396
0.309900 0.508640
0.310000 0.508882
0.310100 0.509122
0.310200 0.509362
0.310300 0.509600
0.310400 0.509836
0.310500 0.510072
0.310600 0.510306
0.310700 0.510539
0.310800 0.510770
0.310900 0.511000
0.311000 0.511229
0.311100 0.511456
0.311200 0.511683
0.311300 0.511907
0.311400 0.512131
0.311500 0.512353
0.311600 0.512574
0.311700 0.512793
0.311800 0.513011
0.311900 0.513228
0.312000 0.513443
0.312100 0.513657
0.312200 0.513870
0.312300 0.514081
0.312400 0.514291
0.312500 0.514500
0.312600 0.514707
0.312700 0.514913
0.312800 0.515118
0.312900 0.515321
0.313000 0.515523
0.313100 0.515724
0.313200 0.515923
0.313300 0.516121
0.313400 0.516317
0.313500 0.516512
0.313600 0.516706
0.313700 0.516898
0.313800 0.517089
0.313900 0.517279
0.314000 0.517467
0.314100 0.517654
0.314200 0.517840
0.314300 0.518024
0.314400 0.518207
0.314500 0.518388
0.314600 0.518568
0.314700 0.518747
0.314800 0.518924
0.314900 0.519100
0.315000 0.519274
0.315100 0.519448
0.315200 0.519619
0.315300 0.519790
0.315400 0.519959
0.315500 0.520126
0.315600 0.520293
0.315700 0.520458
0.315800 0.520621
0.315900 0.520783
0.316000 0.520944
0.316100 0.521103
0.316200 0.521261
0.316300 0.521418
0.316400 0.521573
0.316500 0.521727
0.316600 0.521879
0.316700 0.522030
0.316800 0.522180
0.316900 0.522328
0.317000 0.522475
0.317100 0.522620
0.317200 0.522764
0.317300 0.522907
0.317400 0.523048
0.317500 0.523188
0.317600 0.523326
0.317700 0.523463
0.317800 0.523599
0.317900 0.523733
0.318000 0.523866
0.318100 0.523997
0.318200 0.524127
0.318300 0.524256
0.318400 0.524383
0.318500 0.524509
0.318600 0.524633
0.318700 0.524756
0.318800 0.524878
0.318900 0.524998
0.319000 0.525116
0.319100 0.525234
0.319200 0.525350
0.319300 0.525464
0.319400 0.525577
0.319500 0.525689
0.319600 0.525799
0.319700 0.525908
0.319800 0.526015
0.319900 0.526121
0.320000 0.526226
0.320100 0.526329
0.320200 0.526431
0.320300 0.526531
0.320400 0.526630
0.320500 0.526727
0.320600 0.526823
0.320700 0.526918
0.320800 0.527011
0.320900 0.527103
0.321000 0.527193
0.321100 0.527282
0.321200 0.527370
0.321300 0.527456
0.321400 0.527541
0.321500 0.527624
0.321600 0.527706
0.321700 0.527786
0.321800 0.527865
0.321900 0.527943
0.322000 0.528019
0.322100 0.528093
0.322200 0.528167
0.322300 0.528238
0.322400 0.528309
0.322500 0.528378
0.322600 0.528445
0.322700 0.528511
0.322800 0.528576
0.322900 0.528639
0.323000 0.528701
0.323100 0.528761
0.323200 0.528820
0.323300 0.528878
0.323400 0.528934
0.323500 0.528989
0.323600 0.529042
0.323700 0.529094
0.323800 0.529144
0.323900 0.529193
0.324000 0.529240
0.324100 0.529286
0.324200 0.529331
0.324300 0.529374
0.324400 0.529416
0.324500 0.529456
0.324600 0.529495
0.324700 0.529532
0.324800 0.529568
0.324900 0.529603
0.325000 0.529636
0.325100 0.529667
0.325200 0.529698
0.325300 0.529726
0.325400 0.529754
0.325500 0.529780
0.325600 0.529804
0.325700 0.529827
0.325800 0.529849
0.325900 0.529869
0.326000 0.529888
0.326100 0.529905
0.326200 0.529921
0.326300 0.529935
0.326400 0.529948
0.326500 0.529960
0.326600 0.529970
0.326700 0.529978
0.326800 0.529985
0.326900 0.529991
0.327000 0.529996
0.327100 0.529998
0.327200 0.530000
0.327300 0.530000
0.327400 0.529998
0.327500 0.529995
0.327600 0.529991
0.327700 0.529985
0.327800 0.529978
0.327900 0.529970
0.328000 0.529959
0.328100 0.529948
0.328200 0.529935
0.328300 0.529921
0.328400 0.529905
0.328500 0.529887
0.328600 0.529869
0.328700 0.529848
0.328800 0.529827
0.328900 0.529804
0.329000 0.529779
0.329100 0.529753
0.329200 0.529726
0.329300 0.529697
0.329400 0.529667
0.329500 0.529635
0.329600 0.529602
0.329700 0.529568
0.329800 0.529532
0.329900 0.529494
0.330000 0.529455
0.330100 0.529415
0.330200 0.529373
0.330300 0.529330
0.330400 0.529286
0.330500 0.529240
0.330600 0.529192
0.330700 0.529143
0.330800 0.529093
0.330900 0.529041
0.331000 0.528988
0.331100 0.528933
0.331200 0.528877
0.331300 0.528820
0.331400 0.528761
0.331500 0.528700
0.331600 0.528638
0.331700 0.528575
0.331800 0.528510
0.331900 0.528444
0.332000 0.528377
0.332100 0.528308
0.332200 0.528237
0.332300 0.528166
0.332400 0.528092
0.332500 0.528018
0.332600 0.527941
0.332700 0.527864
0.332800 0.527785
0.332900 0.527704
0.333000 0.527623
0.333100 0.527539
0.333200 0.527455
0.333300 0.527369
0.333400 0.527281
0.333500 0.527192
0.333600 0.527102
0.333700 0.527010
0.333800 0.526917
0.333900 0.526822
0.334000 0.526726
0.334100 0.526628
0.334200 0.526530
0.334300 0.526429
0.334400 0.526327
0.334500 0.526224
0.334600 0.526120
0.334700 0.526014
0.334800 0.525906
0.334900 0.525797
0.335000 0.525687
0.335100 0.525575
0.335200 0.525462
0.335300 0.525348
0.335400 0.525232
0.335500 0.525115
0.335600 0.524996
0.335700 0.524876
0.335800 0.524754
0.335900 0.524631
0.336000 0.524507
0.336100 0.524381
0.336200 0.524254
0.336300 0.524125
0.336400 0.523995
0.336500 0.523864
0.336600 0.523731
0.336700 0.523597
0.336800 0.523461
0.336900 0.523324
0.337000 0.523186
0.337100 0.523046
0.337200 0.522905
0.337300 0.522762
0.337400 0.522618
0.337500 0.522472
0.337600 0.522326
0.337700 0.522177
0.337800 0.522028
0.337900 0.521877
0.338000 0.521724
0.338100 0.521571
0.338200 0.521415
0.338300 0.521259
0.338400 0.521101
0.338500 0.520941
0.338600 0.520781
0.338700 0.520619
0.338800 0.520455
0.338900 0.520290
0.339000 0.520124
0.339100 0.519956
0.339200 0.519787
0.339300 0.519617
0.339400 0.519445
0.339500 0.519272
0.339600 0.519097
0.339700 0.518921
0.339800 0.518744
0.339900 0.518565
0.340000 0.518385
0.340100 0.518204
0.340200 0.518021
0.340300 0.517837
0.340400 0.517651
0.340500 0.517464
0.340600 0.517276
0.340700 0.517086
0.340800 0.516895
0.340900 0.516703
0.341000 0.516509
0.341100 0.516314
0.341200 0.516118
0.341300 0.515920
0.341400 0.515720
0.341500 0.515520
0.341600 0.515318
0.341700 0.515115
0.341800 0.514910
0.341900 0.514704
0.342000 0.514497
0.342100 0.514288
0.342200 0.514078
0.342300 0.513867
0.342400 0.513654
0.342500 0.513440
0.342600 0.513225
0.342700 0.513008
0.342800 0.512790
0.342900 0.512570
0.343000 0.512349
0.343100 0.512127
0.343200 0.511904
0.343300 0.511679
0.343400 0.511453
0.343500 0.511226
0.343600 0.510997
0.343700 0.510767
0.343800 0.510535
0.343900 0.510302
0.344000 0.510068
0.344100 0.509833
0.344200 0.509596
0.344300 0.509358
0.344400 0.509119
0.344500 0.508878
0.344600 0.508636
0.344700 0.508393
0.344800 0.508148
0.344900 0.507902
0.345000 0.507655
0.345100 0.507406
0.345200 0.507156
0.345300 0.506905
0.345400 0.506652
0.345500 0.506398
0.345600 0.506143
0.345700 0.505887
0.345800 0.505629
0.345900 0.505370
0.346000 0.505110
0.346100 0.504848
0.346200 0.504585
0.346300 0.504321
0.346400 0.504055
0.346500 0.503789
0.346600 0.503521
0.346700 0.503251
0.346800 0.502981
0.346900 0.502709
0.347000 0.502435
0.347100 0.502161
0.347200 0.501885
0.347300 0.501608
0.347400 0.501330
0.347500 0.501050
0.347600 0.500769
0.347700 0.500487
0.347800 0.500203
0.347900 0.499919
0.348000 0.499633
0.348100 0.499345
0.348200 0.499057
0.348300 0.498767
0.348400 0.498476
0.348500 0.498184
0.348600 0.497890
0.348700 0.497596
0.348800 0.497299
0.348900 0.497002
0.349000 0.496704
0.349100 0.496404
0.349200 0.496103
0.349300 0.495800
0.349400 0.495497
0.349500 0.495192
0.349600 0.494886
0.349700 0.494579
0.349800 0.494270
0.349900 0.493961
0.350000 0.493650
0.350100 0.493338
0.350200 0.493024
0.350300 0.492709
0.350400 0.492394
0.350500 0.492077
0.350600 0.491758
0.350700 0.491439
0.350800 0.491118
0.350900 0.490796
0.351000 0.490473
0.351100 0.490148
0.351200 0.489823
0.351300 0.489496
0.351400 0.489168
0.351500 0.488839
0.351600 0.488508
0.351700 0.488177
0.351800 0.487844
0.351900 0.487510
0.352000 0.487175
0.352100 0.486838
0.352200 0.486501
0.352300 0.486162
0.352400 0.485822
0.352500 0.485481
0.352600 0.485138
0.352700 0.484795
0.352800 0.484450
0.352900 0.484104
0.353000 0.483757
0.353100 0.483409
0.353200 0.483059
0.353300 0.482709
0.353400 0.482357
0.353500 0.482004
0.353600 0.481650
0.353700 0.481295
0.353800 0.480938
0.353900 0.480581
0.354000 0.480222
0.354100 0.479862
0.354200 0.479501
0.354300 0.479139
0.354400 0.478776
0.354500 0.478411
0.354600 0.478046
0.354700 0.477679
0.354800 0.477311
0.354900 0.476942
0.355000 0.476572
0.355100 0.476201
0.355200 0.475828
0.355300 0.475455
0.355400 0.475080
0.355500 0.474704
0.355600 0.474327
0.355700 0.473949
0.355800 0.473570
0.355900 0.473190
0.356000 0.472809
0.356100 0.472426
0.356200 0.472043
0.356300 0.471658
0.356400 0.471272
0.356500 0.470885
0.356600 0.470497
0.356700 0.470108
0.356800 0.469718
0.356900 0.469326
0.357000 0.468934
0.357100 0.468541
0.357200 0.468146
0.357300 0.467750
0.357400 0.467354
0.357500 0.466956
0.357600 0.466557
0.357700 0.466157
0.357800 0.465756
0.357900 0.465354
0.358000 0.464951
0.358100 0.464547
0.358200 0.464141
0.358300 0.463735
0.358400 0.463328
0.358500 0.462919
0.358600 0.462510
0.358700 0.462099
0.358800 0.461687
0.358900 0.461275
0.359000 0.460861
0.359100 0.460446
0.359200 0.460030
0.359300 0.459614
0.359400 0.459196
0.359500 0.458777
0.359600 0.458357
0.359700 0.457936
0.359800 0.457514
0.359900 0.457091
0.360000 0.456667
0.360100 0.456242
0.360200 0.455816
0.360300 0.455389
0.360400 0.454961
0.360500 0.454532
0.360600 0.454102
0.360700 0.453671
0.360800 0.453238
0.360900 0.452805
0.361000 0.452371
0.361100 0.451936
0.361200 0.451500
0.361300 0.451063
0.361400 0.450625
0.361500 0.450186
0.361600 0.449746
0.361700 0.449305
0.361800 0.448863
0.361900 0.448420
0.362000 0.447976
0.362100 0.447531
0.362200 0.447086
0.362300 0.446639
0.362400 0.446191
0.362500 0.445742
0.362600 0.445293
0.362700 0.444842
0.362800 0.444390
0.362900 0.443938
0.363000 0.443484
0.363100 0.443030
0.363200 0.442575
0.363300 0.442118
0.363400 0.441661
0.363500 0.441203
0.363600 0.440744
0.363700 0.440284
0.363800 0.439823
0.363900 0.439361
0.364000 0.438899
0.364100 0.438435
0.364200 0.437970
0.364300 0.437505
0.364400 0.437038
0.364500 0.436571
0.364600 0.436103
0.364700 0.435634
0.364800 0.435164
0.364900 0.434693
0.365000 0.434221
0.365100 0.433748
0.365200 0.433275
0.365300 0.432800
0.365400 0.432325
0.365500 0.431849
0.365600 0.431372
0.365700 0.430894
0.365800 0.430415
0.365900 0.429935
0.366000 0.429455
0.366100 0.428973
0.366200 0.428491
0.366300 0.428008
0.366400 0.427524
0.366500 0.427039
0.366600 0.426554
0.366700 0.426067
0.366800 0.425580
0.366900 0.425091
0.367000 0.424602
0.367100 0.424113
0.367200 0.423622
0.367300 0.423130
0.367400 0.422638
0.367500 0.422145
0.367600 0.421651
0.367700 0.421156
0.367800 0.420660
0.367900 0.420164
0.368000 0.419667
0.368100 0.419169
0.368200 0.418670
0.368300 0.418170
0.368400 0.417670
0.368500 0.417169
0.368600 0.416667
0.368700 0.416164
0.368800 0.415660
0.368900 0.415156
0.369000 0.414651
0.369100 0.414145
0.369200 0.413638
0.369300 0.413131
0.369400 0.412622
0.369500 0.412113
0.369600 0.411604
0.369700 0.411093
0.369800 0.410582
0.369900 0.410070
0.370000 0.409557
0.370100 0.409044
0.370200 0.408529
0.370300 0.408014
0.370400 0.407499
0.370500 0.406982
0.370600 0.406465
0.370700 0.405947
0.370800 0.405428
0.370900 0.404909
0.371000 0.404389
0.371100 0.403868
0.371200 0.403346
0.371300 0.402824
0.371400 0.402301
0.371500 0.401778
0.371600 0.401253
0.371700 0.400728
0.371800 0.400202
0.371900 0.399676
0.372000 0.399149
0.372100 0.398621
0.372200 0.398093
0.372300 0.397563
0.372400 0.397034
0.372500 0.396503
0.372600 0.395972
0.372700 0.395440
0.372800 0.394907
0.372900 0.394374
0.373000 0.393840
0.373100 0.393306
0.373200 0.392771
0.373300 0.392235
0.373400 0.391698
0.373500 0.391161
0.373600 0.390624
0.373700 0.390085
0.373800 0.389546
0.373900 0.389006
0.374000 0.388466
0.374100 0.387925
0.374200 0.387384
0.374300 0.386842
0.374400 0.386299
0.374500 0.385756
0.374600 0.385212
0.374700 0.384667
0.374800 0.384122
0.374900 0.383576
0.375000 0.383030
0.375100 0.382483
0.375200 0.381935
0.375300 0.381387
0.375400 0.380838
0.375500 0.380289
0.375600 0.379739
0.375700 0.379189
0.375800 0.378637
0.375900 0.378086
0.376000 0.377534
0.376100 0.376981
0.376200 0.376428
0.376300 0.375874
0.376400 0.375319
0.376500 0.374764
0.376600 0.374209
0.376700 0.373653
0.376800 0.373096
0.376900 0.372539
0.377000 0.371982
0.377100 0.371423
0.377200 0.370865
0.377300 0.370305
0.377400 0.369746
0.377500 0.369185
0.377600 0.368625
0.377700 0.368063
0.377800 0.367502
0.377900 0.366939
0.378000 0.366377
0.378100 0.365813
0.378200 0.365249
0.378300 0.364685
0.378400 0.364120
0.378500 0.363555
0.378600 0.362989
0.378700 0.362423
0.378800 0.361856
0.378900 0.361289
0.379000 0.360722
0.379100 0.360154
0.379200 0.359585
0.379300 0.359016
0.379400 0.358447
0.379500 0.357877
0.379600 0.357306
0.379700 0.356735
0.379800 0.356164
0.379900 0.355592
0.380000 0.355020
0.380100 0.354448
0.380200 0.353875
0.380300 0.353301
0.380400 0.352728
0.380500 0.352153
0.380600 0.351579
0.380700 0.351004
0.380800 0.350428
0.380900 0.349852
0.381000 0.349276
0.381100 0.348699
0.381200 0.348122
0.381300 0.347545
0.381400 0.346967
0.381500 0.346388
0.381600 0.345810
0.381700 0.345231
0.381800 0.344651
0.381900 0.344072
0.382000 0.343491
0.382100 0.342911
0.382200 0.342330
0.382300 0.341749
0.382400 0.341167
0.382500 0.340585
0.382600 0.340003
0.382700 0.339420
0.382800 0.338837
0.382900 0.338254
0.383000 0.337670
0.383100 0.337086
0.383200 0.336502
0.383300 0.335917
0.383400 0.335332
0.383500 0.334747
0.383600 0.334162
0.383700 0.333576
0.383800 0.332989
0.383900 0.332403
0.384000 0.331816
0.384100 0.331229
0.384200 0.330642
0.384300 0.330054
0.384400 0.329466
0.384500 0.328878
0.384600 0.328289
0.384700 0.327700
0.384800 0.327111
0.384900 0.326522
0.385000 0.325932
0.385100 0.325342
0.385200 0.324752
0.385300 0.324162
0.385400 0.323571
0.385500 0.322980
0.385600 0.322389
0.385700 0.321797
0.385800 0.321206
0.385900 0.320614
0.386000 0.320022
0.386100 0.319429
0.386200 0.318837
0.386300 0.318244
0.386400 0.317651
0.386500 0.317057
0.386600 0.316464
0.386700 0.315870
0.386800 0.315276
0.386900 0.314682
0.387000 0.314088
0.387100 0.313493
0.387200 0.312899
0.387300 0.312304
0.387400 0.311709
0.387500 0.311114
0.387600 0.310518
0.387700 0.309923
0.387800 0.309327
0.387900 0.308731
0.388000 0.308135
0.388100 0.307538
0.388200 0.306942
0.388300 0.306345
0.388400 0.305749
0.388500 0.305152
0.388600 0.304555
0.388700 0.303958
0.388800 0.303360
0.388900 0.302763
0.389000 0.302165
0.389100 0.301568
0.389200 0.300970
0.389300 0.300372
0.389400 0.299774
0.389500 0.299176
0.389600 0.298577
0.389700 0.297979
0.389800 0.297380
0.389900 0.296782
0.390000 0.296183
0.390100 0.295584
0.390200 0.294986
0.390300 0.294387
0.390400 0.293787
0.390500 0.293188
0.390600 0.292589
0.390700 0.291990
0.390800 0.291391
0.390900 0.290791
0.391000 0.290192
0.391100 0.289592
0.391200 0.288993
0.391300 0.288393
0.391400 0.287793
0.391500 0.287193
0.391600 0.286594
0.391700 0.285994
0.391800 0.285394
0.391900 0.284794
0.392000 0.284194
0.392100 0.283594
0.392200 0.282994
0.392300 0.282394
0.392400 0.281794
0.392500 0.281194
0.392600 0.280594
0.392700 0.279994
0.392800 0.279394
0.392900 0.278794
0.393000 0.278195
0.393100 0.277595
0.393200 0.276995
0.393300 0.276395
0.393400 0.275795
0.393500 0.275195
0.393600 0.274595
0.393700 0.273995
0.393800 0.273395
0.393900 0.272795
0.394000 0.272196
0.394100 0.271596
0.394200 0.270996
0.394300 0.270397
0.394400 0.269797
0.394500 0.269198
0.394600 0.268598
0.394700 0.267999
0.394800 0.267400
0.394900 0.266801
0.395000 0.266202
0.395100 0.265602
0.395200 0.265003
0.395300 0.264405
0.395400 0.263806
0.395500 0.263207
0.395600 0.262609
0.395700 0.262010
0.395800 0.261412
0.395900 0.260813
0.396000 0.260215
0.396100 0.259617
0.396200 0.259019
0.396300 0.258421
0.396400 0.257824
0.396500 0.257226
0.396600 0.256629
0.396700 0.256031
0.396800 0.255434
0.396900 0.254837
0.397000 0.254240
0.397100 0.253644
0.397200 0.253047
0.397300 0.252451
0.397400 0.251854
0.397500 0.251258
0.397600 0.250662
0.397700 0.250066
0.397800 0.249471
0.397900 0.248875
0.398000 0.248280
0.398100 0.247685
0.398200 0.247090
0.398300 0.246496
0.398400 0.245901
0.398500 0.245307
0.398600 0.244713
0.398700 0.244119
0.398800 0.243525
0.398900 0.242932
0.399000 0.242338
0.399100 0.241745
0.399200 0.241153
0.399300 0.240560
0.399400 0.239968
0.399500 0.239375
0.399600 0.238784
0.399700 0.238192
0.399800 0.237600
0.399900 0.237009
0.400000 0.236418
0.400100 0.235828
0.400200 0.235237
0.400300 0.234647
0.400400 0.234057
0.400500 0.233467
0.400600 0.232878
0.400700 0.232289
0.400800 0.231700
0.400900 0.231112
0.401000 0.230523
0.401100 0.229935
0.401200 0.229348
0.401300 0.228760
0.401400 0.228173
0.401500 0.227586
0.401600 0.227000
0.401700 0.226414
0.401800 0.225828
0.401900 0.225242
0.402000 0.224657
0.402100 0.224072
0.402200 0.223487
0.402300 0.222903
0.402400 0.222319
0.402500 0.221735
0.402600 0.221152
0.402700 0.220569
0.402800 0.219986
0.402900 0.219404
0.403000 0.218822
0.403100 0.218241
0.403200 0.217659
0.403300 0.217078
0.403400 0.216498
0.403500 0.215918
0.403600 0.215338
0.403700 0.214759
0.403800 0.214180
0.403900 0.213601
0.404000 0.213023
0.404100 0.212445
0.404200 0.211867
0.404300 0.211290
0.404400 0.210714
0.404500 0.210137
0.404600 0.209561
0.404700 0.208986
0.404800 0.208411
0.404900 0.207836
0.405000 0.207262
0.405100 0.206688
0.405200 0.206115
0.405300 0.205542
0.405400 0.204969
0.405500 0.204397
0.405600 0.203825
0.405700 0.203254
0.405800 0.202683
0.405900 0.202113
0.406000 0.201543
0.406100 0.200974
0.406200 0.200405
0.406300 0.199836
0.406400 0.199268
0.406500 0.198700
0.406600 0.198133
0.406700 0.197566
0.406800 0.197000
0.406900 0.196435
0.407000 0.195869
0.407100 0.195305
0.407200 0.194740
0.407300 0.194176
0.407400 0.193613
0.407500 0.193050
0.407600 0.192488
0.407700 0.191926
0.407800 0.191365
0.407900 0.190804
0.408000 0.190244
0.408100 0.189684
0.408200 0.189125
0.408300 0.188566
0.408400 0.188008
0.408500 0.187451
0.408600 0.186893
0.408700 0.186337
0.408800 0.185781
0.408900 0.185225
0.409000 0.184670
0.409100 0.184116
0.409200 0.183562
0.409300 0.183009
0.409400 0.182456
0.409500 0.181904
0.409600 0.181352
0.409700 0.180801
0.409800 0.180251
0.409900 0.179701
0.410000 0.179152
0.410100 0.178603
0.410200 0.178055
0.410300 0.177507
0.410400 0.176960
0.410500 0.176414
0.410600 0.175868
0.410700 0.175323
0.410800 0.174778
0.410900 0.174234
0.411000 0.173691
0.411100 0.173148
0.411200 0.172606
0.411300 0.172065
0.411400 0.171524
0.411500 0.170984
0.411600 0.170444
0.411700 0.169905
0.411800 0.169367
0.411900 0.168829
0.412000 0.168292
0.412100 0.167755
0.412200 0.167220
0.412300 0.166684
0.412400 0.166150
0.412500 0.165616
0.412600 0.165083
0.412700 0.164550
0.412800 0.164018
0.412900 0.163487
0.413000 0.162957
0.413100 0.162427
0.413200 0.161898
0.413300 0.161369
0.413400 0.160841
0.413500 0.160314
0.413600 0.159788
0.413700 0.159262
0.413800 0.158737
0.413900 0.158213
0.414000 0.157689
0.414100 0.157166
0.414200 0.156644
0.414300 0.156122
0.414400 0.155602
0.414500 0.155082
0.414600 0.154562
0.414700 0.154044
0.414800 0.153526
0.414900 0.153008
0.415000 0.152492
0.415100 0.151976
0.415200 0.151461
0.415300 0.150947
0.415400 0.150434
0.415500 0.149921
0.415600 0.149409
0.415700 0.148898
0.415800 0.148387
0.415900 0.147877
0.416000 0.147368
0.416100 0.146860
0.416200 0.146353
0.416300 0.145846
0.416400 0.145340
0.416500 0.144835
0.416600 0.144331
0.416700 0.143827
0.416800 0.143324
0.416900 0.142822
0.417000 0.142321
0.417100 0.141821
0.417200 0.141321
0.417300 0.140822
0.417400 0.140324
0.417500 0.139827
0.417600 0.139330
0.417700 0.138835
0.417800 0.138340
0.417900 0.137846
0.418000 0.137353
0.418100 0.136861
0.418200 0.136369
0.418300 0.135878
0.418400 0.135389
0.418500 0.134900
0.418600 0.134411
0.418700 0.133924
0.418800 0.133438
0.418900 0.132952
0.419000 0.132467
0.419100 0.131983
0.419200 0.131500
0.419300 0.131018
0.419400 0.130536
0.419500 0.130056
0.419600 0.129576
0.419700 0.129097
0.419800 0.128619
0.419900 0.128142
0.420000 0.127666
0.420100 0.127191
0.420200 0.126716
0.420300 0.126243
0.420400 0.125770
0.420500 0.125298
0.420600 0.124828
0.420700 0.124358
0.420800 0.123889
0.420900 0.123420
0.421000 0.122953
0.421100 0.122487
0.421200 0.122021
0.421300 0.121557
0.421400 0.121093
0.421500 0.120630
0.421600 0.120168
0.421700 0.119707
0.421800 0.119248
0.421900 0.118788
0.422000 0.118330
0.422100 0.117873
0.422200 0.117417
0.422300 0.116962
0.422400 0.116507
0.422500 0.116054
0.422600 0.115601
0.422700 0.115150
0.422800 0.114699
0.422900 0.114249
0.423000 0.113801
0.423100 0.113353
0.423200 0.112906
0.423300 0.112460
0.423400 0.112016
0.423500 0.111572
0.423600 0.111129
0.423700 0.110687
0.423800 0.110246
0.423900 0.109806
0.424000 0.109367
0.424100 0.108929
0.424200 0.108492
0.424300 0.108056
0.424400 0.107621
0.424500 0.107187
0.424600 0.106754
0.424700 0.106322
0.424800 0.105890
0.424900 0.105460
0.425000 0.105031
0.425100 0.104603
0.425200 0.104176
0.425300 0.103750
0.425400 0.103325
0.425500 0.102901
0.425600 0.102478
0.425700 0.102056
0.425800 0.101635
0.425900 0.101215
0.426000 0.100797
0.426100 0.100379
0.426200 0.099962
0.426300 0.099546
0.426400 0.099131
0.426500 0.098718
0.426600 0.098305
0.426700 0.097893
0.426800 0.097483
0.426900 0.097073
0.427000 0.096665
0.427100 0.096258
0.427200 0.095851
0.427300 0.095446
0.427400 0.095042
0.427500 0.094639
0.427600 0.094237
0.427700 0.093836
0.427800 0.093436
0.427900 0.093037
0.428000 0.092639
0.428100 0.092242
0.428200 0.091847
0.428300 0.091452
0.428400 0.091059
0.428500 0.090666
0.428600 0.090275
0.428700 0.089885
0.428800 0.089496
0.428900 0.089108
0.429000 0.088721
0.429100 0.088335
0.429200 0.087950
0.429300 0.087567
0.429400 0.087184
0.429500 0.086803
0.429600 0.086423
0.429700 0.086044
0.429800 0.085666
0.429900 0.085289
0.430000 0.084913
0.430100 0.084538
0.430200 0.084165
0.430300 0.083792
0.430400 0.083421
0.430500 0.083051
0.430600 0.082682
0.430700 0.082314
0.430800 0.081947
0.430900 0.081582
0.431000 0.081217
0.431100 0.080854
0.431200 0.080492
0.431300 0.080131
0.431400 0.079771
0.431500 0.079413
0.431600 0.079055
0.431700 0.078699
0.431800 0.078343
0.431900 0.077989
0.432000 0.077636
0.432100 0.077285
0.432200 0.076934
0.432300 0.076585
0.432400 0.076237
0.432500 0.075890
0.432600 0.075544
0.432700 0.075199
0.432800 0.074855
0.432900 0.074513
0.433000 0.074172
0.433100 0.073832
0.433200 0.073493
0.433300 0.073156
0.433400 0.072819
0.433500 0.072484
0.433600 0.072150
0.433700 0.071817
0.433800 0.071486
0.433900 0.071155
0.434000 0.070826
0.434100 0.070498
0.434200 0.070171
0.434300 0.069846
0.434400 0.069521
0.434500 0.069198
0.434600 0.068876
0.434700 0.068555
0.434800 0.068236
0.434900 0.067918
0.435000 0.067601
0.435100 0.067285
0.435200 0.066970
0.435300 0.066657
0.435400 0.066345
0.435500 0.066034
0.435600 0.065724
0.435700 0.065415
0.435800 0.065108
0.435900 0.064802
0.436000 0.064497
0.436100 0.064194
0.436200 0.063892
0.436300 0.063591
0.436400 0.063291
0.436500 0.062992
0.436600 0.062695
0.436700 0.062399
0.436800 0.062104
0.436900 0.061811
0.437000 0.061518
0.437100 0.061227
0.437200 0.060938
0.437300 0.060649
0.437400 0.060362
0.437500 0.060076
0.437600 0.059791
0.437700 0.059508
0.437800 0.059226
0.437900 0.058945
0.438000 0.058665
0.438100 0.058387
0.438200 0.058110
0.438300 0.057834
0.438400 0.057560
0.438500 0.057286
0.438600 0.057015
0.438700 0.056744
0.438800 0.056475
0.438900 0.056206
0.439000 0.055940
0.439100 0.055674
0.439200 0.055410
0.439300 0.055147
0.439400 0.054885
0.439500 0.054625
0.439600 0.054366
0.439700 0.054108
0.439800 0.053852
0.439900 0.053597
0.440000 0.053343
0.440100 0.053091
0.440200 0.052839
0.440300 0.052589
0.440400 0.052341
0.440500 0.052094
0.440600 0.051848
0.440700 0.051603
0.440800 0.051360
0.440900 0.051118
0.441000 0.050877
0.441100 0.050638
0.441200 0.050400
0.441300 0.050163
0.441400 0.049927
0.441500 0.049693
0.441600 0.049461
0.441700 0.049229
0.441800 0.048999
0.441900 0.048770
0.442000 0.048543
0.442100 0.048317
0.442200 0.048092
0.442300 0.047869
0.442400 0.047646
0.442500 0.047426
0.442600 0.047206
0.442700 0.046988
0.442800 0.046772
0.442900 0.046556
0.443000 0.046342
0.443100 0.046129
0.443200 0.045918
0.443300 0.045708
0.443400 0.045499
0.443500 0.045292
0.443600 0.045086
0.443700 0.044882
0.443800 0.044678
0.443900 0.044476
0.444000 0.044276
0.444100 0.044077
0.444200 0.043879
0.444300 0.043682
0.444400 0.043487
0.444500 0.043294
0.444600 0.043101
0.444700 0.042910
0.444800 0.042721
0.444900 0.042532
0.445000 0.042345
0.445100 0.042160
0.445200 0.041976
0.445300 0.041793
0.445400 0.041612
0.445500 0.041431
0.445600 0.041253
0.445700 0.041076
0.445800 0.040900
0.445900 0.040725
0.446000 0.040552
0.446100 0.040380
0.446200 0.040210
0.446300 0.040041
0.446400 0.039873
0.446500 0.039707
0.446600 0.039542
0.446700 0.039378
0.446800 0.039216
0.446900 0.039056
0.447000 0.038896
0.447100 0.038738
0.447200 0.038582
0.447300 0.038427
0.447400 0.038273
0.447500 0.038120
0.447600 0.037969
0.447700 0.037820
0.447800 0.037672
0.447900 0.037525
0.448000 0.037379
0.448100 0.037235
0.448200 0.037093
0.448300 0.036952
0.448400 0.036812
0.448500 0.036673
0.448600 0.036536
0.448700 0.036401
0.448800 0.036267
0.448900 0.036134
0.449000 0.036002
0.449100 0.035872
0.449200 0.035744
0.449300 0.035617
0.449400 0.035491
0.449500 0.035367
0.449600 0.035244
0.449700 0.035122
0.449800 0.035002
0.449900 0.034883
0.450000 0.034766
0.450100 0.034650
0.450200 0.034536
0.450300 0.034423
0.450400 0.034311
0.450500 0.034201
0.450600 0.034092
0.450700 0.033984
0.450800 0.033878
0.450900 0.033774
0.451000 0.033671
0.451100 0.033569
0.451200 0.033469
0.451300 0.033370
0.451400 0.033272
0.451500 0.033176
0.451600 0.033082
0.451700 0.032988
0.451800 0.032897
0.451900 0.032806
0.452000 0.032717
0.452100 0.032630
0.452200 0.032544
0.452300 0.032459
0.452400 0.032376
0.452500 0.032294
0.452600 0.032214
0.452700 0.032135
0.452800 0.032057
0.452900 0.031981
0.453000 0.031906
0.453100 0.031833
0.453200 0.031761
0.453300 0.031691
0.453400 0.031622
0.453500 0.031554
0.453600 0.031488
0.453700 0.031424
0.453800 0.031361
0.453900 0.031299
0.454000 0.031238
0.454100 0.031179
0.454200 0.031122
0.454300 0.031066
0.454400 0.031011
0.454500 0.030958
0.454600 0.030906
0.454700 0.030856
0.454800 0.030807
0.454900 0.030760
0.455000 0.030714
0.455100 0.030669
0.455200 0.030626
0.455300 0.030584
0.455400 0.030544
0.455500 0.030505
0.455600 0.030468
0.455700 0.030432
0.455800 0.030397
0.455900 0.030364
0.456000 0.030332
0.456100 0.030302
0.456200 0.030273
0.456300 0.030246
0.456400 0.030220
0.456500 0.030196
0.456600 0.030173
0.456700 0.030151
0.456800 0.030131
0.456900 0.030112
0.457000 0.030095
0.457100 0.030079
0.457200 0.030065
0.457300 0.030052
0.457400 0.030040
0.457500 0.030030
0.457600 0.030022
0.457700 0.030015
0.457800 0.030009
0.457900 0.030004
0.458000 0.030002
0.458100 0.030000
0.458200 0.030000
0.458300 0.030002
0.458400 0.030005
0.458500 0.030009
0.458600 0.030015
0.458700 0.030022
0.458800 0.030031
0.458900 0.030041
0.459000 0.030052
0.459100 0.030065
0.459200 0.030080
0.459300 0.030095
0.459400 0.030113
0.459500 0.030131
0.459600 0.030152
0.459700 0.030173
0.459800 0.030196
0.459900 0.030221
0.460000 0.030247
0.460100 0.030274
0.460200 0.030303
0.460300 0.030333
0.460400 0.030365
0.460500 0.030398
0.460600 0.030432
0.460700 0.030468
0.460800 0.030506
0.460900 0.030545
0.461000 0.030585
0.461100 0.030627
0.461200 0.030670
0.461300 0.030715
0.461400 0.030761
0.461500 0.030808
0.461600 0.030857
0.461700 0.030907
0.461800 0.030959
0.461900 0.031012
0.462000 0.031067
0.462100 0.031123
0.462200 0.031181
0.462300 0.031240
0.462400 0.031300
0.462500 0.031362
0.462600 0.031425
0.462700 0.031490
0.462800 0.031556
0.462900 0.031623
0.463000 0.031692
0.463100 0.031763
0.463200 0.031835
0.463300 0.031908
0.463400 0.031983
0.463500 0.032059
0.463600 0.032136
0.463700 0.032215
0.463800 0.032296
0.463900 0.032378
0.464000 0.032461
0.464100 0.032546
0.464200 0.032632
0.464300 0.032719
0.464400 0.032808
0.464500 0.032899
0.464600 0.032990
0.464700 0.033084
0.464800 0.033178
0.464900 0.033274
0.465000 0.033372
0.465100 0.033471
0.465200 0.033571
0.465300 0.033673
0.465400 0.033776
0.465500 0.033881
0.465600 0.033987
0.465700 0.034094
0.465800 0.034203
0.465900 0.034313
0.466000 0.034425
0.466100 0.034538
0.466200 0.034653
0.466300 0.034768
0.466400 0.034886
0.466500 0.035005
0.466600 0.035125
0.466700 0.035246
0.466800 0.035369
0.466900 0.035494
0.467000 0.035619
0.467100 0.035747
0.467200 0.035875
0.467300 0.036005
0.467400 0.036137
0.467500 0.036269
0.467600 0.036404
0.467700 0.036539
0.467800 0.036676
0.467900 0.036815
0.468000 0.036955
0.468100 0.037096
0.468200 0.037239
0.468300 0.037383
0.468400 0.037528
0.468500 0.037675
0.468600 0.037823
0.468700 0.037973
0.468800 0.038124
0.468900 0.038276
0.469000 0.038430
0.469100 0.038585
0.469200 0.038742
0.469300 0.038900
0.469400 0.039059
0.469500 0.039220
0.469600 0.039382
0.469700 0.039545
0.469800 0.039710
0.469900 0.039877
0.470000 0.040044
0.470100 0.040213
0.470200 0.040384
0.470300 0.040556
0.470400 0.040729
0.470500 0.040903
0.470600 0.041079
0.470700 0.041257
0.470800 0.041435
0.470900 0.041615
0.471000 0.041797
0.471100 0.041980
0.471200 0.042164
0.471300 0.042349
0.471400 0.042536
0.471500 0.042725
0.471600 0.042914
0.471700 0.043105
0.471800 0.043298
0.471900 0.043491
0.472000 0.043687
0.472100 0.043883
0.472200 0.044081
0.472300 0.044280
0.472400 0.044481
0.472500 0.044683
0.472600 0.044886
0.472700 0.045091
0.472800 0.045296
0.472900 0.045504
0.473000 0.045713
0.473100 0.045923
0.473200 0.046134
0.473300 0.046347
0.473400 0.046561
0.473500 0.046776
0.473600 0.046993
0.473700 0.047211
0.473800 0.047430
0.473900 0.047651
0.474000 0.047873
0.474100 0.048097
0.474200 0.048322
0.474300 0.048548
0.474400 0.048775
0.474500 0.049004
0.474600 0.049234
0.474700 0.049466
0.474800 0.049698
0.474900 0.049932
0.475000 0.050168
0.475100 0.050405
0.475200 0.050643
0.475300 0.050882
0.475400 0.051123
0.475500 0.051365
0.475600 0.051608
0.475700 0.051853
0.475800 0.052099
0.475900 0.052346
0.476000 0.052595
0.476100 0.052845
0.476200 0.053096
0.476300 0.053348
0.476400 0.053602
0.476500 0.053857
0.476600 0.054114
0.476700 0.054372
0.476800 0.054631
0.476900 0.054891
0.477000 0.055153
0.477100 0.055416
0.477200 0.055680
0.477300 0.055945
0.477400 0.056212
0.477500 0.056480
0.477600 0.056750
0.477700 0.057020
0.477800 0.057292
0.477900 0.057566
0.478000 0.057840
0.478100 0.058116
0.478200 0.058393
0.478300 0.058671
0.478400 0.058951
0.478500 0.059232
0.478600 0.059514
0.478700 0.059797
0.478800 0.060082
0.478900 0.060368
0.479000 0.060655
0.479100 0.060944
0.479200 0.061234
0.479300 0.061525
0.479400 0.061817
0.479500 0.062111
0.479600 0.062405
0.479700 0.062701
0.479800 0.062999
0.479900 0.063297
0.480000 0.063597
0.480100 0.063898
0.480200 0.064200
0.480300 0.064504
0.480400 0.064809
0.480500 0.065115
0.480600 0.065422
0.480700 0.065731
0.480800 0.066040
0.480900 0.066351
0.481000 0.066663
0.481100 0.066977
0.481200 0.067291
0.481300 0.067607
0.481400 0.067924
0.481500 0.068243
0.481600 0.068562
0.481700 0.068883
0.481800 0.069205
0.481900 0.069528
0.482000 0.069853
0.482100 0.070178
0.482200 0.070505
0.482300 0.070833
0.482400 0.071162
0.482500 0.071493
0.482600 0.071824
0.482700 0.072157
0.482800 0.072491
0.482900 0.072826
0.483000 0.073163
0.483100 0.073500
0.483200 0.073839
0.483300 0.074179
0.483400 0.074520
0.483500 0.074863
0.483600 0.075206
0.483700 0.075551
0.483800 0.075897
0.483900 0.076244
0.484000 0.076592
0.484100 0.076942
0.484200 0.077292
0.484300 0.077644
0.484400 0.077997
0.484500 0.078351
0.484600 0.078706
0.484700 0.079063
0.484800 0.079420
0.484900 0.079779
0.485000 0.080139
0.485100 0.080500
0.485200 0.080862
0.485300 0.081225
0.485400 0.081590
0.485500 0.081955
0.485600 0.082322
0.485700 0.082690
0.485800 0.083059
0.485900 0.083429
0.486000 0.083800
0.486100 0.084173
0.486200 0.084546
0.486300 0.084921
0.486400 0.085297
0.486500 0.085674
0.486600 0.086052
0.486700 0.086431
0.486800 0.086811
0.486900 0.087193
0.487000 0.087575
0.487100 0.087959
0.487200 0.088343
0.487300 0.088729
0.487400 0.089116
0.487500 0.089504
0.487600 0.089893
0.487700 0.090283
0.487800 0.090675
0.487900 0.091067
0.488000 0.091461
0.488100 0.091855
0.488200 0.092251
0.488300 0.092647
0.488400 0.093045
0.488500 0.093444
0.488600 0.093844
0.488700 0.094245
0.488800 0.094647
0.488900 0.095050
0.489000 0.095455
0.489100 0.095860
0.489200 0.096266
0.489300 0.096674
0.489400 0.097082
0.489500 0.097492
0.489600 0.097902
0.489700 0.098314
0.489800 0.098727
0.489900 0.099140
0.490000 0.099555
0.490100 0.099971
0.490200 0.100388
0.490300 0.100805
0.490400 0.101224
0.490500 0.101644
0.490600 0.102065
0.490700 0.102487
0.490800 0.102910
0.490900 0.103334
0.491000 0.103759
0.491100 0.104185
0.491200 0.104612
0.491300 0.105041
0.491400 0.105470
0.491500 0.105900
0.491600 0.106331
0.491700 0.106763
0.491800 0.107196
0.491900 0.107630
0.492000 0.108065
0.492100 0.108501
0.492200 0.108938
0.492300 0.109376
0.492400 0.109815
0.492500 0.110255
0.492600 0.110696
0.492700 0.111138
0.492800 0.111581
0.492900 0.112025
0.493000 0.112470
0.493100 0.112916
0.493200 0.113363
0.493300 0.113810
0.493400 0.114259
0.493500 0.114709
0.493600 0.115159
0.493700 0.115611
0.493800 0.116063
0.493900 0.116517
0.494000 0.116971
0.494100 0.117427
0.494200 0.117883
0.494300 0.118340
0.494400 0.118798
0.494500 0.119257
0.494600 0.119717
0.494700 0.120178
0.494800 0.120640
0.494900 0.121103
0.495000 0.121567
0.495100 0.122031
0.495200 0.122497
0.495300 0.122963
0.495400 0.123430
0.495500 0.123899
0.495600 0.124368
0.495700 0.124838
0.495800 0.125309
0.495900 0.125780
0.496000 0.126253
0.496100 0.126727
0.496200 0.127201
0.496300 0.127676
0.496400 0.128153
0.496500 0.128630
0.496600 0.129108
0.496700 0.129586
0.496800 0.130066
0.496900 0.130547
0.497000 0.131028
0.497100 0.131510
0.497200 0.131993
0.497300 0.132477
0.497400 0.132962
0.497500 0.133448
0.497600 0.133934
0.497700 0.134422
0.497800 0.134910
0.497900 0.135399
0.498000 0.135889
0.498100 0.136380
0.498200 0.136871
0.498300 0.137363
0.498400 0.137857
0.498500 0.138351
0.498600 0.138845
0.498700 0.139341
0.498800 0.139837
0.498900 0.140335
0.499000 0.140833
0.499100 0.141332
0.499200 0.141831
0.499300 0.142332
0.499400 0.142833
0.499500 0.143335
0.499600 0.143838
0.499700 0.144341
0.499800 0.144846
0.499900 0.145351
0.500000 0.145857
