0.000000 0.280000
0.000100 0.280700
0.000200 0.281400
0.000300 0.282100
0.000400 0.282800
0.000500 0.283500
0.000600 0.284200
0.000700 0.284900
0.000800 0.285600
0.000900 0.286299
0.001000 0.286999
0.001100 0.287699
0.001200 0.288398
0.001300 0.289098
0.001400 0.289797
0.001500 0.290497
0.001600 0.291196
0.001700 0.291896
0.001800 0.292595
0.001900 0.293294
0.002000 0.293993
0.002100 0.294692
0.002200 0.295390
0.002300 0.296089
0.002400 0.296787
0.002500 0.297486
0.002600 0.298184
0.002700 0.298882
0.002800 0.299580
0.002900 0.300278
0.003000 0.300975
0.003100 0.301673
0.003200 0.302370
0.003300 0.303067
0.003400 0.303764
0.003500 0.304461
0.003600 0.305157
0.003700 0.305854
0.003800 0.306550
0.003900 0.307246
0.004000 0.307941
0.004100 0.308637
0.004200 0.309332
0.004300 0.310027
0.004400 0.310722
0.004500 0.311417
0.004600 0.312111
0.004700 0.312805
0.004800 0.313499
0.004900 0.314192
0.005000 0.314886
0.005100 0.315579
0.005200 0.316272
0.005300 0.316964
0.005400 0.317656
0.005500 0.318348
0.005600 0.319040
0.005700 0.319731
0.005800 0.320422
0.005900 0.321112
0.006000 0.321803
0.006100 0.322493
0.006200 0.323182
0.006300 0.323872
0.006400 0.324561
0.006500 0.325249
0.006600 0.325937
0.006700 0.326625
0.006800 0.327313
0.006900 0.328000
0.007000 0.328687
0.007100 0.329373
0.007200 0.330059
0.007300 0.330745
0.007400 0.331430
0.007500 0.332115
0.007600 0.332799
0.007700 0.333483
0.007800 0.334167
0.007900 0.334850
0.008000 0.335533
0.008100 0.336215
0.008200 0.336897
0.008300 0.337578
0.008400 0.338259
0.008500 0.338940
0.008600 0.339620
0.008700 0.340299
0.008800 0.340979
0.008900 0.341657
0.009000 0.342335
0.009100 0.343013
0.009200 0.343690
0.009300 0.344367
0.009400 0.345043
0.009500 0.345719
0.009600 0.346394
0.009700 0.347068
0.009800 0.347742
0.009900 0.348416
0.010000 0.349089
0.010100 0.349761
0.010200 0.350433
0.010300 0.351105
0.010400 0.351775
0.010500 0.352446
0.010600 0.353115
0.010700 0.353785
0.010800 0.354453
0.010900 0.355121
0.011000 0.355788
0.011100 0.356455
0.011200 0.357121
0.011300 0.357787
0.011400 0.358452
0.011500 0.359116
0.011600 0.359780
0.011700 0.360443
0.011800 0.361105
0.011900 0.361767
0.012000 0.362428
0.012100 0.363089
0.012200 0.363749
0.012300 0.364408
0.012400 0.365067
0.012500 0.365724
0.012600 0.366382
0.012700 0.367038
0.012800 0.367694
0.012900 0.368349
0.013000 0.369004
0.013100 0.369658
0.013200 0.370311
0.013300 0.370963
0.013400 0.371615
0.013500 0.372266
0.013600 0.372916
0.013700 0.373565
0.013800 0.374214
0.013900 0.374862
0.014000 0.375509
0.014100 0.376156
0.014200 0.376802
0.014300 0.377447
0.014400 0.378091
0.014500 0.378734
0.014600 0.379377
0.014700 0.380019
0.014800 0.380660
0.014900 0.381301
0.015000 0.381940
0.015100 0.382579
0.015200 0.383217
0.015300 0.383854
0.015400 0.384490
0.015500 0.385126
0.015600 0.385761
0.015700 0.386394
0.015800 0.387027
0.015900 0.387660
0.016000 0.388291
0.016100 0.388921
0.016200 0.389551
0.016300 0.390180
0.016400 0.390808
0.016500 0.391435
0.016600 0.392061
0.016700 0.392686
0.016800 0.393311
0.016900 0.393934
0.017000 0.394557
0.017100 0.395179
0.017200 0.395799
0.017300 0.396419
0.017400 0.397038
0.017500 0.397656
0.017600 0.398274
0.017700 0.398890
0.017800 0.399505
0.017900 0.400120
0.018000 0.400733
0.018100 0.401345
0.018200 0.401957
0.018300 0.402568
0.018400 0.403177
0.018500 0.403786
0.018600 0.404394
0.018700 0.405000
0.018800 0.405606
0.018900 0.406211
0.019000 0.406814
0.019100 0.407417
0.019200 0.408019
0.019300 0.408620
0.019400 0.409220
0.019500 0.409818
0.019600 0.410416
0.019700 0.411013
0.019800 0.411608
0.019900 0.412203
0.020000 0.412797
0.020100 0.413389
0.020200 0.413981
0.020300 0.414571
0.020400 0.415160
0.020500 0.415749
0.020600 0.416336
0.020700 0.416922
0.020800 0.417507
0.020900 0.418092
0.021000 0.418675
0.021100 0.419256
0.021200 0.419837
0.021300 0.420417
0.021400 0.420996
0.021500 0.421573
0.021600 0.422149
0.021700 0.422725
0.021800 0.423299
0.021900 0.423872
0.022000 0.424444
0.022100 0.425015
0.022200 0.425584
0.022300 0.426153
0.022400 0.426720
0.022500 0.427286
0.022600 0.427851
0.022700 0.428415
0.022800 0.428978
0.022900 0.429539
0.023000 0.430100
0.023100 0.430659
0.023200 0.431217
0.023300 0.431774
0.023400 0.432329
0.023500 0.432884
0.023600 0.433437
0.023700 0.433989
0.023800 0.434540
0.023900 0.435090
0.024000 0.435638
0.024100 0.436185
0.024200 0.436731
0.024300 0.437276
0.024400 0.437820
0.024500 0.438362
0.024600 0.438903
0.024700 0.439443
0.024800 0.439981
0.024900 0.440518
0.025000 0.441054
0.025100 0.441589
0.025200 0.442123
0.025300 0.442655
0.025400 0.443186
0.025500 0.443715
0.025600 0.444244
0.025700 0.444771
0.025800 0.445297
0.025900 0.445821
0.026000 0.446344
0.026100 0.446866
0.026200 0.447387
0.026300 0.447906
0.026400 0.448424
0.026500 0.448941
0.026600 0.449456
0.026700 0.449970
0.026800 0.450483
0.026900 0.450994
0.027000 0.451504
0.027100 0.452013
0.027200 0.452520
0.027300 0.453026
0.027400 0.453531
0.027500 0.454034
0.027600 0.454536
0.027700 0.455036
0.027800 0.455535
0.027900 0.456033
0.028000 0.456529
0.028100 0.457024
0.028200 0.457518
0.028300 0.458010
0.028400 0.458501
0.028500 0.458990
0.028600 0.459478
0.028700 0.459965
0.028800 0.460450
0.028900 0.460934
0.029000 0.461416
0.029100 0.461897
0.029200 0.462377
0.029300 0.462855
0.029400 0.463331
0.029500 0.463806
0.029600 0.464280
0.029700 0.464753
0.029800 0.465223
0.029900 0.465693
0.030000 0.466161
0.030100 0.466627
0.030200 0.467092
0.030300 0.467556
0.030400 0.468018
0.030500 0.468479
0.030600 0.468938
0.030700 0.469395
0.030800 0.469852
0.030900 0.470306
0.031000 0.470759
0.031100 0.471211
0.031200 0.471661
0.031300 0.472110
0.031400 0.472557
0.031500 0.473003
0.031600 0.473447
0.031700 0.473890
0.031800 0.474331
0.031900 0.474770
0.032000 0.475209
0.032100 0.475645
0.032200 0.476080
0.032300 0.476514
0.032400 0.476946
0.032500 0.477376
0.032600 0.477805
0.032700 0.478232
0.032800 0.478658
0.032900 0.479082
0.033000 0.479505
0.033100 0.479926
0.033200 0.480345
0.033300 0.480763
0.033400 0.481179
0.033500 0.481594
0.033600 0.482007
0.033700 0.482419
0.033800 0.482829
0.033900 0.483237
0.034000 0.483644
0.034100 0.484050
0.034200 0.484453
0.034300 0.484855
0.034400 0.485256
0.034500 0.485654
0.034600 0.486052
0.034700 0.486447
0.034800 0.486841
0.034900 0.487234
0.035000 0.487624
0.035100 0.488013
0.035200 0.488401
0.035300 0.488787
0.035400 0.489171
0.035500 0.489554
0.035600 0.489934
0.035700 0.490314
0.035800 0.490691
0.035900 0.491067
0.036000 0.491442
0.036100 0.491814
0.036200 0.492185
0.036300 0.492555
0.036400 0.492922
0.036500 0.493288
0.036600 0.493653
0.036700 0.494015
0.036800 0.494376
0.036900 0.494736
0.037000 0.495093
0.037100 0.495449
0.037200 0.495803
0.037300 0.496156
0.037400 0.496507
0.037500 0.496856
0.037600 0.497203
0.037700 0.497549
0.037800 0.497893
0.037900 0.498235
0.038000 0.498576
0.038100 0.498915
0.038200 0.499252
0.038300 0.499588
0.038400 0.499921
0.038500 0.500253
0.038600 0.500584
0.038700 0.500912
0.038800 0.501239
0.038900 0.501564
0.039000 0.501888
0.039100 0.502209
0.039200 0.502529
0.039300 0.502847
0.039400 0.503164
0.039500 0.503478
0.039600 0.503791
0.039700 0.504102
0.039800 0.504412
0.039900 0.504719
0.040000 0.505025
0.040100 0.505329
0.040200 0.505632
0.040300 0.505932
0.040400 0.506231
0.040500 0.506528
0.040600 0.506823
0.040700 0.507117
0.040800 0.507408
0.040900 0.507698
0.041000 0.507986
0.041100 0.508273
0.041200 0.508557
0.041300 0.508840
0.041400 0.509121
0.041500 0.509400
0.041600 0.509677
0.041700 0.509953
0.041800 0.510227
0.041900 0.510499
0.042000 0.510769
0.042100 0.511037
0.042200 0.511304
0.042300 0.511568
0.042400 0.511831
0.042500 0.512092
0.042600 0.512351
0.042700 0.512609
0.042800 0.512865
0.042900 0.513118
0.043000 0.513370
0.043100 0.513620
0.043200 0.513869
0.043300 0.514115
0.043400 0.514360
0.043500 0.514603
0.043600 0.514843
0.043700 0.515083
0.043800 0.515320
0.043900 0.515555
0.044000 0.515789
0.044100 0.516021
0.044200 0.516250
0.044300 0.516478
0.044400 0.516705
0.044500 0.516929
0.044600 0.517151
0.044700 0.517372
0.044800 0.517591
0.044900 0.517808
0.045000 0.518023
0.045100 0.518236
0.045200 0.518447
0.045300 0.518656
0.045400 0.518864
0.045500 0.519070
0.045600 0.519273
0.045700 0.519475
0.045800 0.519675
0.045900 0.519873
0.046000 0.520070
0.046100 0.520264
0.046200 0.520457
0.046300 0.520647
0.046400 0.520836
0.046500 0.521023
0.046600 0.521208
0.046700 0.521391
0.046800 0.521572
0.046900 0.521751
0.047000 0.521929
0.047100 0.522104
0.047200 0.522278
0.047300 0.522449
0.047400 0.522619
0.047500 0.522787
0.047600 0.522953
0.047700 0.523117
0.047800 0.523279
0.047900 0.523440
0.048000 0.523598
0.048100 0.523754
0.048200 0.523909
0.048300 0.524062
0.048400 0.524212
0.048500 0.524361
0.048600 0.524508
0.048700 0.524653
0.048800 0.524796
0.048900 0.524937
0.049000 0.525076
0.049100 0.525214
0.049200 0.525349
0.049300 0.525482
0.049400 0.525614
0.049500 0.525743
0.049600 0.525871
0.049700 0.525997
0.049800 0.526121
0.049900 0.526242
0.050000 0.526362
0.050100 0.526480
0.050200 0.526597
0.050300 0.526711
0.050400 0.526823
0.050500 0.526933
0.050600 0.527041
0.050700 0.527148
0.050800 0.527252
0.050900 0.527355
0.051000 0.527455
0.051100 0.527554
0.051200 0.527651
0.051300 0.527746
0.051400 0.527838
0.051500 0.527929
0.051600 0.528018
0.051700 0.528105
0.051800 0.528190
0.051900 0.528273
0.052000 0.528355
0.052100 0.528434
0.052200 0.528511
0.052300 0.528586
0.052400 0.528660
0.052500 0.528731
0.052600 0.528801
0.052700 0.528868
0.052800 0.528934
0.052900 0.528997
0.053000 0.529059
0.053100 0.529119
0.053200 0.529176
0.053300 0.529232
0.053400 0.529286
0.053500 0.529338
0.053600 0.529388
0.053700 0.529436
0.053800 0.529482
0.053900 0.529526
0.054000 0.529568
0.054100 0.529608
0.054200 0.529646
0.054300 0.529683
0.054400 0.529717
0.054500 0.529749
0.054600 0.529780
0.054700 0.529808
0.054800 0.529834
0.054900 0.529859
0.055000 0.529881
0.055100 0.529902
0.055200 0.529921
0.055300 0.529937
0.055400 0.529952
0.055500 0.529965
0.055600 0.529976
0.055700 0.529984
0.055800 0.529991
0.055900 0.529996
0.056000 0.529999
0.056100 0.530000
0.056200 0.529999
0.056300 0.529996
0.056400 0.529991
0.056500 0.529984
0.056600 0.529975
0.056700 0.529965
0.056800 0.529952
0.056900 0.529937
0.057000 0.529921
0.057100 0.529902
0.057200 0.529881
0.057300 0.529859
0.057400 0.529834
0.057500 0.529808
0.057600 0.529779
0.057700 0.529749
0.057800 0.529717
0.057900 0.529683
0.058000 0.529646
0.058100 0.529608
0.058200 0.529568
0.058300 0.529526
0.058400 0.529482
0.058500 0.529436
0.058600 0.529388
0.058700 0.529338
0.058800 0.529286
0.058900 0.529232
0.059000 0.529176
0.059100 0.529118
0.059200 0.529059
0.059300 0.528997
0.059400 0.528933
0.059500 0.528868
0.059600 0.528800
0.059700 0.528731
0.059800 0.528659
0.059900 0.528586
0.060000 0.528511
0.060100 0.528434
0.060200 0.528354
0.060300 0.528273
0.060400 0.528190
0.060500 0.528105
0.060600 0.528018
0.060700 0.527929
0.060800 0.527838
0.060900 0.527745
0.061000 0.527651
0.061100 0.527554
0.061200 0.527455
0.061300 0.527355
0.061400 0.527252
0.061500 0.527148
0.061600 0.527041
0.061700 0.526933
0.061800 0.526823
0.061900 0.526710
0.062000 0.526596
0.062100 0.526480
0.062200 0.526362
0.062300 0.526242
0.062400 0.526120
0.062500 0.525996
0.062600 0.525871
0.062700 0.525743
0.062800 0.525613
0.062900 0.525482
0.063000 0.525349
0.063100 0.525213
0.063200 0.525076
0.063300 0.524937
0.063400 0.524796
0.063500 0.524653
0.063600 0.524508
0.063700 0.524361
0.063800 0.524212
0.063900 0.524061
0.064000 0.523909
0.064100 0.523754
0.064200 0.523598
0.064300 0.523439
0.064400 0.523279
0.064500 0.523117
0.064600 0.522953
0.064700 0.522787
0.064800 0.522619
0.064900 0.522449
0.065000 0.522277
0.065100 0.522104
0.065200 0.521928
0.065300 0.521751
0.065400 0.521572
0.065500 0.521390
0.065600 0.521207
0.065700 0.521022
0.065800 0.520835
0.065900 0.520647
0.066000 0.520456
0.066100 0.520264
0.066200 0.520069
0.066300 0.519873
0.066400 0.519675
0.066500 0.519475
0.066600 0.519273
0.066700 0.519069
0.066800 0.518863
0.066900 0.518656
0.067000 0.518446
0.067100 0.518235
0.067200 0.518022
0.067300 0.517807
0.067400 0.517590
0.067500 0.517371
0.067600 0.517151
0.067700 0.516928
0.067800 0.516704
0.067900 0.516478
0.068000 0.516250
0.068100 0.516020
0.068200 0.515788
0.068300 0.515555
0.068400 0.515319
0.068500 0.515082
0.068600 0.514843
0.068700 0.514602
0.068800 0.514359
0.068900 0.514114
0.069000 0.513868
0.069100 0.513620
0.069200 0.513370
0.069300 0.513118
0.069400 0.512864
0.069500 0.512608
0.069600 0.512351
0.069700 0.512092
0.069800 0.511830
0.069900 0.511568
0.070000 0.511303
0.070100 0.511036
0.070200 0.510768
0.070300 0.510498
0.070400 0.510226
0.070500 0.509952
0.070600 0.509677
0.070700 0.509399
0.070800 0.509120
0.070900 0.508839
0.071000 0.508556
0.071100 0.508272
0.071200 0.507986
0.071300 0.507697
0.071400 0.507408
0.071500 0.507116
0.071600 0.506822
0.071700 0.506527
0.071800 0.506230
0.071900 0.505931
0.072000 0.505631
0.072100 0.505328
0.072200 0.505024
0.072300 0.504718
0.072400 0.504411
0.072500 0.504101
0.072600 0.503790
0.072700 0.503477
0.072800 0.503163
0.072900 0.502846
0.073000 0.502528
0.073100 0.502208
0.073200 0.501887
0.073300 0.501563
0.073400 0.501238
0.073500 0.500911
0.073600 0.500583
0.073700 0.500252
0.073800 0.499920
0.073900 0.499587
0.074000 0.499251
0.074100 0.498914
0.074200 0.498575
0.074300 0.498234
0.074400 0.497892
0.074500 0.497548
0.074600 0.497202
0.074700 0.496855
0.074800 0.496506
0.074900 0.496155
0.075000 0.495802
0.075100 0.495448
0.075200 0.495092
0.075300 0.494735
0.075400 0.494375
0.075500 0.494014
0.075600 0.493652
0.075700 0.493287
0.075800 0.492921
0.075900 0.492554
0.076000 0.492184
0.076100 0.491813
0.076200 0.491441
0.076300 0.491066
0.076400 0.490690
0.076500 0.490313
0.076600 0.489933
0.076700 0.489553
0.076800 0.489170
0.076900 0.488786
0.077000 0.488400
0.077100 0.488012
0.077200 0.487623
0.077300 0.487233
0.077400 0.486840
0.077500 0.486446
0.077600 0.486051
0.077700 0.485653
0.077800 0.485255
0.077900 0.484854
0.078000 0.484452
0.078100 0.484048
0.078200 0.483643
0.078300 0.483236
0.078400 0.482828
0.078500 0.482418
0.078600 0.482006
0.078700 0.481593
0.078800 0.481178
0.078900 0.480762
0.079000 0.480344
0.079100 0.479925
0.079200 0.479504
0.079300 0.479081
0.079400 0.478657
0.079500 0.478231
0.079600 0.477804
0.079700 0.477375
0.079800 0.476944
0.079900 0.476512
0.080000 0.476079
0.080100 0.475644
0.080200 0.475207
0.080300 0.474769
0.080400 0.474330
0.080500 0.473889
0.080600 0.473446
0.080700 0.473002
0.080800 0.472556
0.080900 0.472109
0.081000 0.471660
0.081100 0.471210
0.081200 0.470758
0.081300 0.470305
0.081400 0.469850
0.081500 0.469394
0.081600 0.468937
0.081700 0.468477
0.081800 0.468017
0.081900 0.467555
0.082000 0.467091
0.082100 0.466626
0.082200 0.466160
0.082300 0.465692
0.082400 0.465222
0.082500 0.464751
0.082600 0.464279
0.082700 0.463805
0.082800 0.463330
0.082900 0.462853
0.083000 0.462375
0.083100 0.461896
0.083200 0.461415
0.083300 0.460933
0.083400 0.460449
0.083500 0.459964
0.083600 0.459477
0.083700 0.458989
0.083800 0.458500
0.083900 0.458009
0.084000 0.457517
0.084100 0.457023
0.084200 0.456528
0.084300 0.456032
0.084400 0.455534
0.084500 0.455035
0.084600 0.454534
0.084700 0.454032
0.084800 0.453529
0.084900 0.453025
0.085000 0.452519
0.085100 0.452011
0.085200 0.451503
0.085300 0.450993
0.085400 0.450482
0.085500 0.449969
0.085600 0.449455
0.085700 0.448940
0.085800 0.448423
0.085900 0.447905
0.086000 0.447386
0.086100 0.446865
0.086200 0.446343
0.086300 0.445820
0.086400 0.445295
0.086500 0.444770
0.086600 0.444242
0.086700 0.443714
0.086800 0.443184
0.086900 0.442653
0.087000 0.442121
0.087100 0.441588
0.087200 0.441053
0.087300 0.440517
0.087400 0.439980
0.087500 0.439441
0.087600 0.438901
0.087700 0.438360
0.087800 0.437818
0.087900 0.437275
0.088000 0.436730
0.088100 0.436184
0.088200 0.435637
0.088300 0.435088
0.088400 0.434539
0.088500 0.433988
0.088600 0.433436
0.088700 0.432882
0.088800 0.432328
0.088900 0.431772
0.089000 0.431216
0.089100 0.430657
0.089200 0.430098
0.089300 0.429538
0.089400 0.428976
0.089500 0.428414
0.089600 0.427850
0.089700 0.427285
0.089800 0.426719
0.089900 0.426151
0.090000 0.425583
0.090100 0.425013
0.090200 0.424442
0.090300 0.423870
0.090400 0.423297
0.090500 0.422723
0.090600 0.422148
0.090700 0.421571
0.090800 0.420994
0.090900 0.420415
0.091000 0.419836
0.091100 0.419255
0.091200 0.418673
0.091300 0.418090
0.091400 0.417506
0.091500 0.416921
0.091600 0.416335
0.091700 0.415747
0.091800 0.415159
0.091900 0.414570
0.092000 0.413979
0.092100 0.413388
0.092200 0.412795
0.092300 0.412201
0.092400 0.411607
0.092500 0.411011
0.092600 0.410414
0.092700 0.409817
0.092800 0.409218
0.092900 0.408618
0.093000 0.408017
0.093100 0.407416
0.093200 0.406813
0.093300 0.406209
0.093400 0.405604
0.093500 0.404999
0.093600 0.404392
0.093700 0.403784
0.093800 0.403176
0.093900 0.402566
0.094000 0.401955
0.094100 0.401344
0.094200 0.400731
0.094300 0.400118
0.094400 0.399504
0.094500 0.398888
0.094600 0.398272
0.094700 0.397655
0.094800 0.397037
0.094900 0.396418
0.095000 0.395798
0.095100 0.395177
0.095200 0.394555
0.095300 0.393933
0.095400 0.393309
0.095500 0.392685
0.095600 0.392059
0.095700 0.391433
0.095800 0.390806
0.095900 0.390178
0.096000 0.389549
0.096100 0.388920
0.096200 0.388289
0.096300 0.387658
0.096400 0.387026
0.096500 0.386393
0.096600 0.385759
0.096700 0.385124
0.096800 0.384489
0.096900 0.383852
0.097000 0.383215
0.097100 0.382577
0.097200 0.381938
0.097300 0.381299
0.097400 0.380659
0.097500 0.380017
0.097600 0.379375
0.097700 0.378733
0.097800 0.378089
0.097900 0.377445
0.098000 0.376800
0.098100 0.376154
0.098200 0.375508
0.098300 0.374860
0.098400 0.374212
0.098500 0.373564
0.098600 0.372914
0.098700 0.372264
0.098800 0.371613
0.098900 0.370961
0.099000 0.370309
0.099100 0.369656
0.099200 0.369002
0.099300 0.368348
0.099400 0.367692
0.099500 0.367037
0.099600 0.366380
0.099700 0.365723
0.099800 0.365065
0.099900 0.364406
0.100000 0.363747
0.100100 0.363087
0.100200 0.362427
0.100300 0.361765
0.100400 0.361104
0.100500 0.360441
0.100600 0.359778
0.100700 0.359114
0.100800 0.358450
0.100900 0.357785
0.101000 0.357120
0.101100 0.356453
0.101200 0.355787
0.101300 0.355119
0.101400 0.354451
0.101500 0.353783
0.101600 0.353114
0.101700 0.352444
0.101800 0.351774
0.101900 0.351103
0.102000 0.350432
0.102100 0.349760
0.102200 0.349087
0.102300 0.348414
0.102400 0.347741
0.102500 0.347067
0.102600 0.346392
0.102700 0.345717
0.102800 0.345041
0.102900 0.344365
0.103000 0.343688
0.103100 0.343011
0.103200 0.342334
0.103300 0.341655
0.103400 0.340977
0.103500 0.340298
0.103600 0.339618
0.103700 0.338938
0.103800 0.338258
0.103900 0.337577
0.104000 0.336895
0.104100 0.336213
0.104200 0.335531
0.104300 0.334848
0.104400 0.334165
0.104500 0.333482
0.104600 0.332798
0.104700 0.332113
0.104800 0.331428
0.104900 0.330743
0.105000 0.330057
0.105100 0.329371
0.105200 0.328685
0.105300 0.327998
0.105400 0.327311
0.105500 0.326624
0.105600 0.325936
0.105700 0.325247
0.105800 0.324559
0.105900 0.323870
0.106000 0.323181
0.106100 0.322491
0.106200 0.321801
0.106300 0.321111
0.106400 0.320420
0.106500 0.319729
0.106600 0.319038
0.106700 0.318346
0.106800 0.317654
0.106900 0.316962
0.107000 0.316270
0.107100 0.315577
0.107200 0.314884
0.107300 0.314191
0.107400 0.313497
0.107500 0.312803
0.107600 0.312109
0.107700 0.311415
0.107800 0.310720
0.107900 0.310026
0.108000 0.309330
0.108100 0.308635
0.108200 0.307940
0.108300 0.307244
0.108400 0.306548
0.108500 0.305852
0.108600 0.305156
0.108700 0.304459
0.108800 0.303762
0.108900 0.303065
0.109000 0.302368
0.109100 0.301671
0.109200 0.300973
0.109300 0.300276
0.109400 0.299578
0.109500 0.298880
0.109600 0.298182
0.109700 0.297484
0.109800 0.296786
0.109900 0.296087
0.110000 0.295388
0.110100 0.294690
0.110200 0.293991
0.110300 0.293292
0.110400 0.292593
0.110500 0.291894
0.110600 0.291194
0.110700 0.290495
0.110800 0.289796
0.110900 0.289096
0.111000 0.288397
0.111100 0.287697
0.111200 0.286997
0.111300 0.286297
0.111400 0.285598
0.111500 0.284898
0.111600 0.284198
0.111700 0.283498
0.111800 0.282798
0.111900 0.282098
0.112000 0.281398
0.112100 0.280698
0.112200 0.279998
0.112300 0.279298
0.112400 0.278598
0.112500 0.277898
0.112600 0.277198
0.112700 0.276498
0.112800 0.275798
0.112900 0.275098
0.113000 0.274399
0.113100 0.273699
0.113200 0.272999
0.113300 0.272299
0.113400 0.271600
0.113500 0.270900
0.113600 0.270201
0.113700 0.269501
0.113800 0.268802
0.113900 0.268103
0.114000 0.267403
0.114100 0.266704
0.114200 0.266005
0.114300 0.265307
0.114400 0.264608
0.114500 0.263909
0.114600 0.263211
0.114700 0.262512
0.114800 0.261814
0.114900 0.261116
0.115000 0.260418
0.115100 0.259720
0.115200 0.259023
0.115300 0.258325
0.115400 0.257628
0.115500 0.256931
0.115600 0.256234
0.115700 0.255537
0.115800 0.254841
0.115900 0.254144
0.116000 0.253448
0.116100 0.252752
0.116200 0.252057
0.116300 0.251361
0.116400 0.250666
0.116500 0.249971
0.116600 0.249276
0.116700 0.248581
0.116800 0.247887
0.116900 0.247193
0.117000 0.246499
0.117100 0.245806
0.117200 0.245112
0.117300 0.244419
0.117400 0.243727
0.117500 0.243034
0.117600 0.242342
0.117700 0.241650
0.117800 0.240959
0.117900 0.240267
0.118000 0.239576
0.118100 0.238886
0.118200 0.238195
0.118300 0.237505
0.118400 0.236816
0.118500 0.236127
0.118600 0.235438
0.118700 0.234749
0.118800 0.234061
0.118900 0.233373
0.119000 0.232685
0.119100 0.231998
0.119200 0.231311
0.119300 0.230625
0.119400 0.229939
0.119500 0.229253
0.119600 0.228568
0.119700 0.227883
0.119800 0.227199
0.119900 0.226515
0.120000 0.225831
0.120100 0.225148
0.120200 0.224465
0.120300 0.223783
0.120400 0.223101
0.120500 0.222420
0.120600 0.221739
0.120700 0.221058
0.120800 0.220378
0.120900 0.219699
0.121000 0.219020
0.121100 0.218341
0.121200 0.217663
0.121300 0.216985
0.121400 0.216308
0.121500 0.215631
0.121600 0.214955
0.121700 0.214280
0.121800 0.213605
0.121900 0.212930
0.122000 0.212256
0.122100 0.211582
0.122200 0.210909
0.122300 0.210237
0.122400 0.209565
0.122500 0.208894
0.122600 0.208223
0.122700 0.207553
0.122800 0.206883
0.122900 0.206214
0.123000 0.205545
0.123100 0.204877
0.123200 0.204210
0.123300 0.203543
0.123400 0.202877
0.123500 0.202211
0.123600 0.201546
0.123700 0.200882
0.123800 0.200218
0.123900 0.199555
0.124000 0.198893
0.124100 0.198231
0.124200 0.197570
0.124300 0.196909
0.124400 0.196250
0.124500 0.195590
0.124600 0.194932
0.124700 0.194274
0.124800 0.193617
0.124900 0.192960
0.125000 0.192304
0.125100 0.191649
0.125200 0.190995
0.125300 0.190341
0.125400 0.189688
0.125500 0.189035
0.125600 0.188384
0.125700 0.187733
0.125800 0.187082
0.125900 0.186433
0.126000 0.185784
0.126100 0.185136
0.126200 0.184489
0.126300 0.183842
0.126400 0.183197
0.126500 0.182552
0.126600 0.181907
0.126700 0.181264
0.126800 0.180621
0.126900 0.179979
0.127000 0.179338
0.127100 0.178698
0.127200 0.178058
0.127300 0.177419
0.127400 0.176781
0.127500 0.176144
0.127600 0.175508
0.127700 0.174873
0.127800 0.174238
0.127900 0.173604
0.128000 0.172971
0.128100 0.172339
0.128200 0.171707
0.128300 0.171077
0.128400 0.170447
0.128500 0.169818
0.128600 0.169191
0.128700 0.168564
0.128800 0.167937
0.128900 0.167312
0.129000 0.166688
0.129100 0.166064
0.129200 0.165441
0.129300 0.164820
0.129400 0.164199
0.129500 0.163579
0.129600 0.162960
0.129700 0.162342
0.129800 0.161725
0.129900 0.161108
0.130000 0.160493
0.130100 0.159879
0.130200 0.159265
0.130300 0.158653
0.130400 0.158041
0.130500 0.157431
0.130600 0.156821
0.130700 0.156213
0.130800 0.155605
0.130900 0.154998
0.131000 0.154392
0.131100 0.153788
0.131200 0.153184
0.131300 0.152581
0.131400 0.151979
0.131500 0.151379
0.131600 0.150779
0.131700 0.150180
0.131800 0.149582
0.131900 0.148986
0.132000 0.148390
0.132100 0.147795
0.132200 0.147202
0.132300 0.146609
0.132400 0.146018
0.132500 0.145427
0.132600 0.144838
0.132700 0.144250
0.132800 0.143662
0.132900 0.143076
0.133000 0.142491
0.133100 0.141907
0.133200 0.141324
0.133300 0.140742
0.133400 0.140161
0.133500 0.139582
0.133600 0.139003
0.133700 0.138425
0.133800 0.137849
0.133900 0.137274
0.134000 0.136700
0.134100 0.136127
0.134200 0.135555
0.134300 0.134984
0.134400 0.134414
0.134500 0.133846
0.134600 0.133279
0.134700 0.132712
0.134800 0.132147
0.134900 0.131583
0.135000 0.131021
0.135100 0.130459
0.135200 0.129899
0.135300 0.129340
0.135400 0.128782
0.135500 0.128225
0.135600 0.127669
0.135700 0.127115
0.135800 0.126561
0.135900 0.126009
0.136000 0.125459
0.136100 0.124909
0.136200 0.124360
0.136300 0.123813
0.136400 0.123267
0.136500 0.122723
0.136600 0.122179
0.136700 0.121637
0.136800 0.121096
0.136900 0.120556
0.137000 0.120017
0.137100 0.119480
0.137200 0.118944
0.137300 0.118409
0.137400 0.117876
0.137500 0.117344
0.137600 0.116813
0.137700 0.116283
0.137800 0.115755
0.137900 0.115228
0.138000 0.114702
0.138100 0.114177
0.138200 0.113654
0.138300 0.113132
0.138400 0.112612
0.138500 0.112092
0.138600 0.111574
0.138700 0.111058
0.138800 0.110542
0.138900 0.110028
0.139000 0.109516
0.139100 0.109004
0.139200 0.108495
0.139300 0.107986
0.139400 0.107479
0.139500 0.106973
0.139600 0.106468
0.139700 0.105965
0.139800 0.105463
0.139900 0.104963
0.140000 0.104463
0.140100 0.103966
0.140200 0.103469
0.140300 0.102974
0.140400 0.102481
0.140500 0.101989
0.140600 0.101498
0.140700 0.101008
0.140800 0.100520
0.140900 0.100034
0.141000 0.099549
0.141100 0.099065
0.141200 0.098583
0.141300 0.098102
0.141400 0.097622
0.141500 0.097144
0.141600 0.096667
0.141700 0.096192
0.141800 0.095719
0.141900 0.095246
0.142000 0.094775
0.142100 0.094306
0.142200 0.093838
0.142300 0.093372
0.142400 0.092906
0.142500 0.092443
0.142600 0.091981
0.142700 0.091520
0.142800 0.091061
0.142900 0.090603
0.143000 0.090147
0.143100 0.089693
0.143200 0.089239
0.143300 0.088788
0.143400 0.088337
0.143500 0.087889
0.143600 0.087442
0.143700 0.086996
0.143800 0.086552
0.143900 0.086109
0.144000 0.085668
0.144100 0.085228
0.144200 0.084790
0.144300 0.084354
0.144400 0.083919
0.144500 0.083485
0.144600 0.083053
0.144700 0.082623
0.144800 0.082194
0.144900 0.081767
0.145000 0.081341
0.145100 0.080917
0.145200 0.080494
0.145300 0.080073
0.145400 0.079654
0.145500 0.079236
0.145600 0.078819
0.145700 0.078405
0.145800 0.077991
0.145900 0.077580
0.146000 0.077170
0.146100 0.076761
0.146200 0.076355
0.146300 0.075949
0.146400 0.075546
0.146500 0.075144
0.146600 0.074743
0.146700 0.074344
0.146800 0.073947
0.146900 0.073552
0.147000 0.073158
0.147100 0.072765
0.147200 0.072375
0.147300 0.071986
0.147400 0.071598
0.147500 0.071212
0.147600 0.070828
0.147700 0.070445
0.147800 0.070065
0.147900 0.069685
0.148000 0.069308
0.148100 0.068932
0.148200 0.068557
0.148300 0.068185
0.148400 0.067814
0.148500 0.067444
0.148600 0.067077
0.148700 0.066711
0.148800 0.066346
0.148900 0.065984
0.149000 0.065623
0.149100 0.065264
0.149200 0.064906
0.149300 0.064550
0.149400 0.064196
0.149500 0.063843
0.149600 0.063492
0.149700 0.063143
0.149800 0.062796
0.149900 0.062450
0.150000 0.062106
0.150100 0.061764
0.150200 0.061423
0.150300 0.061084
0.150400 0.060747
0.150500 0.060412
0.150600 0.060078
0.150700 0.059746
0.150800 0.059415
0.150900 0.059087
0.151000 0.058760
0.151100 0.058435
0.151200 0.058112
0.151300 0.057790
0.151400 0.057470
0.151500 0.057152
0.151600 0.056836
0.151700 0.056521
0.151800 0.056208
0.151900 0.055897
0.152000 0.055588
0.152100 0.055280
0.152200 0.054974
0.152300 0.054670
0.152400 0.054368
0.152500 0.054067
0.152600 0.053768
0.152700 0.053471
0.152800 0.053176
0.152900 0.052883
0.153000 0.052591
0.153100 0.052301
0.153200 0.052013
0.153300 0.051727
0.153400 0.051442
0.153500 0.051159
0.153600 0.050878
0.153700 0.050599
0.153800 0.050322
0.153900 0.050046
0.154000 0.049773
0.154100 0.049501
0.154200 0.049231
0.154300 0.048962
0.154400 0.048696
0.154500 0.048431
0.154600 0.048168
0.154700 0.047907
0.154800 0.047648
0.154900 0.047390
0.155000 0.047135
0.155100 0.046881
0.155200 0.046629
0.155300 0.046379
0.155400 0.046131
0.155500 0.045884
0.155600 0.045640
0.155700 0.045397
0.155800 0.045156
0.155900 0.044917
0.156000 0.044680
0.156100 0.044444
0.156200 0.044211
0.156300 0.043979
0.156400 0.043749
0.156500 0.043521
0.156600 0.043295
0.156700 0.043070
0.156800 0.042848
0.156900 0.042627
0.157000 0.042409
0.157100 0.042192
0.157200 0.041977
0.157300 0.041764
0.157400 0.041552
0.157500 0.041343
0.157600 0.041136
0.157700 0.040930
0.157800 0.040726
0.157900 0.040524
0.158000 0.040324
0.158100 0.040126
0.158200 0.039930
0.158300 0.039735
0.158400 0.039543
0.158500 0.039352
0.158600 0.039164
0.158700 0.038977
0.158800 0.038792
0.158900 0.038609
0.159000 0.038428
0.159100 0.038248
0.159200 0.038071
0.159300 0.037895
0.159400 0.037722
0.159500 0.037550
0.159600 0.037380
0.159700 0.037212
0.159800 0.037046
0.159900 0.036882
0.160000 0.036720
0.160100 0.036560
0.160200 0.036402
0.160300 0.036245
0.160400 0.036091
0.160500 0.035938
0.160600 0.035787
0.160700 0.035639
0.160800 0.035492
0.160900 0.035347
0.161000 0.035204
0.161100 0.035063
0.161200 0.034923
0.161300 0.034786
0.161400 0.034651
0.161500 0.034517
0.161600 0.034386
0.161700 0.034256
0.161800 0.034129
0.161900 0.034003
0.162000 0.033879
0.162100 0.033757
0.162200 0.033637
0.162300 0.033519
0.162400 0.033403
0.162500 0.033289
0.162600 0.033177
0.162700 0.033067
0.162800 0.032958
0.162900 0.032852
0.163000 0.032747
0.163100 0.032645
0.163200 0.032544
0.163300 0.032446
0.163400 0.032349
0.163500 0.032254
0.163600 0.032161
0.163700 0.032070
0.163800 0.031982
0.163900 0.031895
0.164000 0.031810
0.164100 0.031726
0.164200 0.031645
0.164300 0.031566
0.164400 0.031489
0.164500 0.031413
0.164600 0.031340
0.164700 0.031269
0.164800 0.031199
0.164900 0.031132
0.165000 0.031066
0.165100 0.031003
0.165200 0.030941
0.165300 0.030881
0.165400 0.030824
0.165500 0.030768
0.165600 0.030714
0.165700 0.030662
0.165800 0.030612
0.165900 0.030564
0.166000 0.030518
0.166100 0.030474
0.166200 0.030432
0.166300 0.030392
0.166400 0.030354
0.166500 0.030317
0.166600 0.030283
0.166700 0.030251
0.166800 0.030220
0.166900 0.030192
0.167000 0.030166
0.167100 0.030141
0.167200 0.030118
0.167300 0.030098
0.167400 0.030079
0.167500 0.030063
0.167600 0.030048
0.167700 0.030035
0.167800 0.030024
0.167900 0.030016
0.168000 0.030009
0.168100 0.030004
0.168200 0.030001
0.168300 0.030000
0.168400 0.030001
0.168500 0.030004
0.168600 0.030009
0.168700 0.030016
0.168800 0.030025
0.168900 0.030035
0.169000 0.030048
0.169100 0.030063
0.169200 0.030079
0.169300 0.030098
0.169400 0.030119
0.169500 0.030141
0.169600 0.030166
0.169700 0.030192
0.169800 0.030221
0.169900 0.030251
0.170000 0.030283
0.170100 0.030318
0.170200 0.030354
0.170300 0.030392
0.170400 0.030432
0.170500 0.030474
0.170600 0.030518
0.170700 0.030564
0.170800 0.030612
0.170900 0.030662
0.171000 0.030714
0.171100 0.030768
0.171200 0.030824
0.171300 0.030882
0.171400 0.030941
0.171500 0.031003
0.171600 0.031067
0.171700 0.031132
0.171800 0.031200
0.171900 0.031269
0.172000 0.031341
0.172100 0.031414
0.172200 0.031489
0.172300 0.031567
0.172400 0.031646
0.172500 0.031727
0.172600 0.031810
0.172700 0.031895
0.172800 0.031982
0.172900 0.032071
0.173000 0.032162
0.173100 0.032255
0.173200 0.032350
0.173300 0.032446
0.173400 0.032545
0.173500 0.032646
0.173600 0.032748
0.173700 0.032853
0.173800 0.032959
0.173900 0.033067
0.174000 0.033178
0.174100 0.033290
0.174200 0.033404
0.174300 0.033520
0.174400 0.033638
0.174500 0.033758
0.174600 0.033880
0.174700 0.034004
0.174800 0.034130
0.174900 0.034257
0.175000 0.034387
0.175100 0.034518
0.175200 0.034652
0.175300 0.034787
0.175400 0.034924
0.175500 0.035064
0.175600 0.035205
0.175700 0.035348
0.175800 0.035493
0.175900 0.035640
0.176000 0.035789
0.176100 0.035939
0.176200 0.036092
0.176300 0.036246
0.176400 0.036403
0.176500 0.036561
0.176600 0.036722
0.176700 0.036884
0.176800 0.037048
0.176900 0.037214
0.177000 0.037382
0.177100 0.037551
0.177200 0.037723
0.177300 0.037897
0.177400 0.038072
0.177500 0.038250
0.177600 0.038429
0.177700 0.038610
0.177800 0.038793
0.177900 0.038978
0.178000 0.039165
0.178100 0.039354
0.178200 0.039544
0.178300 0.039737
0.178400 0.039931
0.178500 0.040128
0.178600 0.040326
0.178700 0.040526
0.178800 0.040728
0.178900 0.040931
0.179000 0.041137
0.179100 0.041345
0.179200 0.041554
0.179300 0.041765
0.179400 0.041979
0.179500 0.042194
0.179600 0.042410
0.179700 0.042629
0.179800 0.042850
0.179900 0.043072
0.180000 0.043297
0.180100 0.043523
0.180200 0.043751
0.180300 0.043981
0.180400 0.044212
0.180500 0.044446
0.180600 0.044681
0.180700 0.044919
0.180800 0.045158
0.180900 0.045399
0.181000 0.045642
0.181100 0.045886
0.181200 0.046133
0.181300 0.046381
0.181400 0.046631
0.181500 0.046883
0.181600 0.047137
0.181700 0.047392
0.181800 0.047650
0.181900 0.047909
0.182000 0.048170
0.182100 0.048433
0.182200 0.048698
0.182300 0.048964
0.182400 0.049233
0.182500 0.049503
0.182600 0.049775
0.182700 0.050049
0.182800 0.050324
0.182900 0.050601
0.183000 0.050881
0.183100 0.051162
0.183200 0.051444
0.183300 0.051729
0.183400 0.052015
0.183500 0.052303
0.183600 0.052593
0.183700 0.052885
0.183800 0.053178
0.183900 0.053474
0.184000 0.053771
0.184100 0.054069
0.184200 0.054370
0.184300 0.054672
0.184400 0.054976
0.184500 0.055282
0.184600 0.055590
0.184700 0.055899
0.184800 0.056211
0.184900 0.056523
0.185000 0.056838
0.185100 0.057154
0.185200 0.057473
0.185300 0.057793
0.185400 0.058114
0.185500 0.058438
0.185600 0.058763
0.185700 0.059090
0.185800 0.059418
0.185900 0.059748
0.186000 0.060080
0.186100 0.060414
0.186200 0.060750
0.186300 0.061087
0.186400 0.061426
0.186500 0.061766
0.186600 0.062109
0.186700 0.062453
0.186800 0.062799
0.186900 0.063146
0.187000 0.063495
0.187100 0.063846
0.187200 0.064199
0.187300 0.064553
0.187400 0.064909
0.187500 0.065266
0.187600 0.065626
0.187700 0.065987
0.187800 0.066349
0.187900 0.066714
0.188000 0.067080
0.188100 0.067447
0.188200 0.067817
0.188300 0.068188
0.188400 0.068560
0.188500 0.068935
0.188600 0.069311
0.188700 0.069688
0.188800 0.070068
0.188900 0.070448
0.189000 0.070831
0.189100 0.071215
0.189200 0.071601
0.189300 0.071989
0.189400 0.072378
0.189500 0.072768
0.189600 0.073161
0.189700 0.073555
0.189800 0.073950
0.189900 0.074348
0.190000 0.074746
0.190100 0.075147
0.190200 0.075549
0.190300 0.075953
0.190400 0.076358
0.190500 0.076765
0.190600 0.077173
0.190700 0.077583
0.190800 0.077995
0.190900 0.078408
0.191000 0.078823
0.191100 0.079239
0.191200 0.079657
0.191300 0.080077
0.191400 0.080498
0.191500 0.080920
0.191600 0.081344
0.191700 0.081770
0.191800 0.082197
0.191900 0.082626
0.192000 0.083057
0.192100 0.083489
0.192200 0.083922
0.192300 0.084357
0.192400 0.084794
0.192500 0.085232
0.192600 0.085671
0.192700 0.086113
0.192800 0.086555
0.192900 0.086999
0.193000 0.087445
0.193100 0.087892
0.193200 0.088341
0.193300 0.088791
0.193400 0.089243
0.193500 0.089696
0.193600 0.090151
0.193700 0.090607
0.193800 0.091065
0.193900 0.091524
0.194000 0.091984
0.194100 0.092447
0.194200 0.092910
0.194300 0.093375
0.194400 0.093842
0.194500 0.094310
0.194600 0.094779
0.194700 0.095250
0.194800 0.095722
0.194900 0.096196
0.195000 0.096671
0.195100 0.097148
0.195200 0.097626
0.195300 0.098105
0.195400 0.098586
0.195500 0.099069
0.195600 0.099552
0.195700 0.100038
0.195800 0.100524
0.195900 0.101012
0.196000 0.101502
0.196100 0.101992
0.196200 0.102485
0.196300 0.102978
0.196400 0.103473
0.196500 0.103970
0.196600 0.104467
0.196700 0.104966
0.196800 0.105467
0.196900 0.105969
0.197000 0.106472
0.197100 0.106977
0.197200 0.107483
0.197300 0.107990
0.197400 0.108499
0.197500 0.109009
0.197600 0.109520
0.197700 0.110033
0.197800 0.110547
0.197900 0.111062
0.198000 0.111578
0.198100 0.112096
0.198200 0.112616
0.198300 0.113136
0.198400 0.113658
0.198500 0.114181
0.198600 0.114706
0.198700 0.115232
0.198800 0.115759
0.198900 0.116287
0.199000 0.116817
0.199100 0.117348
0.199200 0.117880
0.199300 0.118414
0.199400 0.118948
0.199500 0.119484
0.199600 0.120022
0.199700 0.120560
0.199800 0.121100
0.199900 0.121641
0.200000 0.122183
0.200100 0.122727
0.200200 0.123272
0.200300 0.123818
0.200400 0.124365
0.200500 0.124913
0.200600 0.125463
0.200700 0.126014
0.200800 0.126566
0.200900 0.127119
0.201000 0.127673
0.201100 0.128229
0.201200 0.128786
0.201300 0.129344
0.201400 0.129903
0.201500 0.130464
0.201600 0.131025
0.201700 0.131588
0.201800 0.132152
0.201900 0.132717
0.202000 0.133283
0.202100 0.133850
0.202200 0.134419
0.202300 0.134988
0.202400 0.135559
0.202500 0.136131
0.202600 0.136704
0.202700 0.137278
0.202800 0.137854
0.202900 0.138430
0.203000 0.139008
0.203100 0.139586
0.203200 0.140166
0.203300 0.140747
0.203400 0.141329
0.203500 0.141912
0.203600 0.142496
0.203700 0.143081
0.203800 0.143667
0.203900 0.144254
0.204000 0.144843
0.204100 0.145432
0.204200 0.146022
0.204300 0.146614
0.204400 0.147207
0.204500 0.147800
0.204600 0.148395
0.204700 0.148990
0.204800 0.149587
0.204900 0.150185
0.205000 0.150784
0.205100 0.151383
0.205200 0.151984
0.205300 0.152586
0.205400 0.153189
0.205500 0.153792
0.205600 0.154397
0.205700 0.155003
0.205800 0.155610
0.205900 0.156217
0.206000 0.156826
0.206100 0.157436
0.206200 0.158046
0.206300 0.158658
0.206400 0.159270
0.206500 0.159884
0.206600 0.160498
0.206700 0.161113
0.206800 0.161730
0.206900 0.162347
0.207000 0.162965
0.207100 0.163584
0.207200 0.164204
0.207300 0.164825
0.207400 0.165446
0.207500 0.166069
0.207600 0.166693
0.207700 0.167317
0.207800 0.167942
0.207900 0.168568
0.208000 0.169196
0.208100 0.169823
0.208200 0.170452
0.208300 0.171082
0.208400 0.171712
0.208500 0.172344
0.208600 0.172976
0.208700 0.173609
0.208800 0.174243
0.208900 0.174878
0.209000 0.175513
0.209100 0.176149
0.209200 0.176787
0.209300 0.177424
0.209400 0.178063
0.209500 0.178703
0.209600 0.179343
0.209700 0.179984
0.209800 0.180626
0.209900 0.181269
0.210000 0.181912
0.210100 0.182557
0.210200 0.183202
0.210300 0.183847
0.210400 0.184494
0.210500 0.185141
0.210600 0.185789
0.210700 0.186438
0.210800 0.187088
0.210900 0.187738
0.211000 0.188389
0.211100 0.189040
0.211200 0.189693
0.211300 0.190346
0.211400 0.191000
0.211500 0.191654
0.211600 0.192309
0.211700 0.192965
0.211800 0.193622
0.211900 0.194279
0.212000 0.194937
0.212100 0.195595
0.212200 0.196255
0.212300 0.196915
0.212400 0.197575
0.212500 0.198236
0.212600 0.198898
0.212700 0.199561
0.212800 0.200224
0.212900 0.200887
0.213000 0.201552
0.213100 0.202217
0.213200 0.202882
0.213300 0.203548
0.213400 0.204215
0.213500 0.204883
0.213600 0.205550
0.213700 0.206219
0.213800 0.206888
0.213900 0.207558
0.214000 0.208228
0.214100 0.208899
0.214200 0.209570
0.214300 0.210242
0.214400 0.210915
0.214500 0.211588
0.214600 0.212261
0.214700 0.212935
0.214800 0.213610
0.214900 0.214285
0.215000 0.214961
0.215100 0.215637
0.215200 0.216313
0.215300 0.216991
0.215400 0.217668
0.215500 0.218346
0.215600 0.219025
0.215700 0.219704
0.215800 0.220384
0.215900 0.221064
0.216000 0.221744
0.216100 0.222425
0.216200 0.223107
0.216300 0.223788
0.216400 0.224471
0.216500 0.225153
0.216600 0.225837
0.216700 0.226520
0.216800 0.227204
0.216900 0.227889
0.217000 0.228573
0.217100 0.229259
0.217200 0.229944
0.217300 0.230630
0.217400 0.231317
0.217500 0.232004
0.217600 0.232691
0.217700 0.233378
0.217800 0.234066
0.217900 0.234754
0.218000 0.235443
0.218100 0.236132
0.218200 0.236821
0.218300 0.237511
0.218400 0.238201
0.218500 0.238891
0.218600 0.239582
0.218700 0.240273
0.218800 0.240964
0.218900 0.241656
0.219000 0.242347
0.219100 0.243040
0.219200 0.243732
0.219300 0.244425
0.219400 0.245118
0.219500 0.245811
0.219600 0.246505
0.219700 0.247199
0.219800 0.247893
0.219900 0.248587
0.220000 0.249282
0.220100 0.249976
0.220200 0.250671
0.220300 0.251367
0.220400 0.252062
0.220500 0.252758
0.220600 0.253454
0.220700 0.254150
0.220800 0.254846
0.220900 0.255543
0.221000 0.256240
0.221100 0.256937
0.221200 0.257634
0.221300 0.258331
0.221400 0.259028
0.221500 0.259726
0.221600 0.260424
0.221700 0.261122
0.221800 0.261820
0.221900 0.262518
0.222000 0.263216
0.222100 0.263915
0.222200 0.264613
0.222300 0.265312
0.222400 0.266011
0.222500 0.266710
0.222600 0.267409
0.222700 0.268108
0.222800 0.268807
0.222900 0.269507
0.223000 0.270206
0.223100 0.270906
0.223200 0.271605
0.223300 0.272305
0.223400 0.273005
0.223500 0.273704
0.223600 0.274404
0.223700 0.275104
0.223800 0.275804
0.223900 0.276504
0.224000 0.277204
0.224100 0.277904
0.224200 0.278604
0.224300 0.279304
0.224400 0.280004
0.224500 0.280704
0.224600 0.281404
0.224700 0.282104
0.224800 0.282804
0.224900 0.283504
0.225000 0.284203
0.225100 0.284903
0.225200 0.285603
0.225300 0.286303
0.225400 0.287003
0.225500 0.287702
0.225600 0.288402
0.225700 0.289102
0.225800 0.289801
0.225900 0.290501
0.226000 0.291200
0.226100 0.291899
0.226200 0.292598
0.226300 0.293297
0.226400 0.293996
0.226500 0.294695
0.226600 0.295394
0.226700 0.296093
0.226800 0.296791
0.226900 0.297489
0.227000 0.298188
0.227100 0.298886
0.227200 0.299584
0.227300 0.300281
0.227400 0.300979
0.227500 0.301676
0.227600 0.302374
0.227700 0.303071
0.227800 0.303768
0.227900 0.304464
0.228000 0.305161
0.228100 0.305857
0.228200 0.306553
0.228300 0.307249
0.228400 0.307945
0.228500 0.308641
0.228600 0.309336
0.228700 0.310031
0.228800 0.310726
0.228900 0.311420
0.229000 0.312115
0.229100 0.312809
0.229200 0.313503
0.229300 0.314196
0.229400 0.314889
0.229500 0.315582
0.229600 0.316275
0.229700 0.316968
0.229800 0.317660
0.229900 0.318352
0.230000 0.319043
0.230100 0.319734
0.230200 0.320425
0.230300 0.321116
0.230400 0.321806
0.230500 0.322496
0.230600 0.323186
0.230700 0.323875
0.230800 0.324564
0.230900 0.325253
0.231000 0.325941
0.231100 0.326629
0.231200 0.327317
0.231300 0.328004
0.231400 0.328690
0.231500 0.329377
0.231600 0.330063
0.231700 0.330749
0.231800 0.331434
0.231900 0.332119
0.232000 0.332803
0.232100 0.333487
0.232200 0.334171
0.232300 0.334854
0.232400 0.335536
0.232500 0.336219
0.232600 0.336901
0.232700 0.337582
0.232800 0.338263
0.232900 0.338943
0.233000 0.339623
0.233100 0.340303
0.233200 0.340982
0.233300 0.341661
0.233400 0.342339
0.233500 0.343017
0.233600 0.343694
0.233700 0.344370
0.233800 0.345046
0.233900 0.345722
0.234000 0.346397
0.234100 0.347072
0.234200 0.347746
0.234300 0.348419
0.234400 0.349092
0.234500 0.349765
0.234600 0.350437
0.234700 0.351108
0.234800 0.351779
0.234900 0.352449
0.235000 0.353119
0.235100 0.353788
0.235200 0.354457
0.235300 0.355124
0.235400 0.355792
0.235500 0.356459
0.235600 0.357125
0.235700 0.357790
0.235800 0.358455
0.235900 0.359120
0.236000 0.359783
0.236100 0.360446
0.236200 0.361109
0.236300 0.361771
0.236400 0.362432
0.236500 0.363092
0.236600 0.363752
0.236700 0.364411
0.236800 0.365070
0.236900 0.365728
0.237000 0.366385
0.237100 0.367042
0.237200 0.367698
0.237300 0.368353
0.237400 0.369007
0.237500 0.369661
0.237600 0.370314
0.237700 0.370966
0.237800 0.371618
0.237900 0.372269
0.238000 0.372919
0.238100 0.373569
0.238200 0.374217
0.238300 0.374865
0.238400 0.375513
0.238500 0.376159
0.238600 0.376805
0.238700 0.377450
0.238800 0.378094
0.238900 0.378738
0.239000 0.379380
0.239100 0.380022
0.239200 0.380664
0.239300 0.381304
0.239400 0.381943
0.239500 0.382582
0.239600 0.383220
0.239700 0.383857
0.239800 0.384494
0.239900 0.385129
0.240000 0.385764
0.240100 0.386398
0.240200 0.387031
0.240300 0.387663
0.240400 0.388294
0.240500 0.388925
0.240600 0.389554
0.240700 0.390183
0.240800 0.390811
0.240900 0.391438
0.241000 0.392064
0.241100 0.392690
0.241200 0.393314
0.241300 0.393938
0.241400 0.394560
0.241500 0.395182
0.241600 0.395803
0.241700 0.396423
0.241800 0.397042
0.241900 0.397660
0.242000 0.398277
0.242100 0.398893
0.242200 0.399508
0.242300 0.400123
0.242400 0.400736
0.242500 0.401349
0.242600 0.401960
0.242700 0.402571
0.242800 0.403180
0.242900 0.403789
0.243000 0.404397
0.243100 0.405003
0.243200 0.405609
0.243300 0.406214
0.243400 0.406818
0.243500 0.407420
0.243600 0.408022
0.243700 0.408623
0.243800 0.409223
0.243900 0.409821
0.244000 0.410419
0.244100 0.411016
0.244200 0.411611
0.244300 0.412206
0.244400 0.412800
0.244500 0.413392
0.244600 0.413984
0.244700 0.414574
0.244800 0.415164
0.244900 0.415752
0.245000 0.416339
0.245100 0.416925
0.245200 0.417511
0.245300 0.418095
0.245400 0.418678
0.245500 0.419259
0.245600 0.419840
0.245700 0.420420
0.245800 0.420999
0.245900 0.421576
0.246000 0.422152
0.246100 0.422728
0.246200 0.423302
0.246300 0.423875
0.246400 0.424447
0.246500 0.425018
0.246600 0.425587
0.246700 0.426156
0.246800 0.426723
0.246900 0.427289
0.247000 0.427854
0.247100 0.428418
0.247200 0.428981
0.247300 0.429542
0.247400 0.430103
0.247500 0.430662
0.247600 0.431220
0.247700 0.431777
0.247800 0.432332
0.247900 0.432887
0.248000 0.433440
0.248100 0.433992
0.248200 0.434543
0.248300 0.435093
0.248400 0.435641
0.248500 0.436188
0.248600 0.436734
0.248700 0.437279
0.248800 0.437822
0.248900 0.438365
0.249000 0.438906
0.249100 0.439445
0.249200 0.439984
0.249300 0.440521
0.249400 0.441057
0.249500 0.441592
0.249600 0.442125
0.249700 0.442658
0.249800 0.443189
0.249900 0.443718
0.250000 0.444247
0.250100 0.444774
0.250200 0.445300
0.250300 0.445824
0.250400 0.446347
0.250500 0.446869
0.250600 0.447390
0.250700 0.447909
0.250800 0.448427
0.250900 0.448944
0.251000 0.449459
0.251100 0.449973
0.251200 0.450486
0.251300 0.450997
0.251400 0.451507
0.251500 0.452015
0.251600 0.452523
0.251700 0.453029
0.251800 0.453533
0.251900 0.454036
0.252000 0.454538
0.252100 0.455039
0.252200 0.455538
0.252300 0.456036
0.252400 0.456532
0.252500 0.457027
0.252600 0.457521
0.252700 0.458013
0.252800 0.458503
0.252900 0.458993
0.253000 0.459481
0.253100 0.459967
0.253200 0.460453
0.253300 0.460936
0.253400 0.461419
0.253500 0.461900
0.253600 0.462379
0.253700 0.462857
0.253800 0.463334
0.253900 0.463809
0.254000 0.464283
0.254100 0.464755
0.254200 0.465226
0.254300 0.465695
0.254400 0.466163
0.254500 0.466630
0.254600 0.467095
0.254700 0.467558
0.254800 0.468020
0.254900 0.468481
0.255000 0.468940
0.255100 0.469398
0.255200 0.469854
0.255300 0.470309
0.255400 0.470762
0.255500 0.471214
0.255600 0.471664
0.255700 0.472112
0.255800 0.472560
0.255900 0.473005
0.256000 0.473449
0.256100 0.473892
0.256200 0.474333
0.256300 0.474773
0.256400 0.475211
0.256500 0.475647
0.256600 0.476082
0.256700 0.476516
0.256800 0.476948
0.256900 0.477378
0.257000 0.477807
0.257100 0.478234
0.257200 0.478660
0.257300 0.479084
0.257400 0.479507
0.257500 0.479928
0.257600 0.480347
0.257700 0.480765
0.257800 0.481182
0.257900 0.481596
0.258000 0.482010
0.258100 0.482421
0.258200 0.482831
0.258300 0.483240
0.258400 0.483646
0.258500 0.484052
0.258600 0.484455
0.258700 0.484857
0.258800 0.485258
0.258900 0.485657
0.259000 0.486054
0.259100 0.486449
0.259200 0.486843
0.259300 0.487236
0.259400 0.487626
0.259500 0.488015
0.259600 0.488403
0.259700 0.488789
0.259800 0.489173
0.259900 0.489556
0.260000 0.489936
0.260100 0.490316
0.260200 0.490693
0.260300 0.491069
0.260400 0.491444
0.260500 0.491816
0.260600 0.492187
0.260700 0.492557
0.260800 0.492924
0.260900 0.493290
0.261000 0.493654
0.261100 0.494017
0.261200 0.494378
0.261300 0.494737
0.261400 0.495095
0.261500 0.495451
0.261600 0.495805
0.261700 0.496158
0.261800 0.496508
0.261900 0.496858
0.262000 0.497205
0.262100 0.497551
0.262200 0.497895
0.262300 0.498237
0.262400 0.498578
0.262500 0.498917
0.262600 0.499254
0.262700 0.499589
0.262800 0.499923
0.262900 0.500255
0.263000 0.500585
0.263100 0.500914
0.263200 0.501241
0.263300 0.501566
0.263400 0.501889
0.263500 0.502211
0.263600 0.502531
0.263700 0.502849
0.263800 0.503165
0.263900 0.503480
0.264000 0.503793
0.264100 0.504104
0.264200 0.504413
0.264300 0.504721
0.264400 0.505027
0.264500 0.505331
0.264600 0.505633
0.264700 0.505934
0.264800 0.506232
0.264900 0.506529
0.265000 0.506825
0.265100 0.507118
0.265200 0.507410
0.265300 0.507700
0.265400 0.507988
0.265500 0.508274
0.265600 0.508559
0.265700 0.508841
0.265800 0.509122
0.265900 0.509401
0.266000 0.509679
0.266100 0.509954
0.266200 0.510228
0.266300 0.510500
0.266400 0.510770
0.266500 0.511038
0.266600 0.511305
0.266700 0.511570
0.266800 0.511833
0.266900 0.512094
0.267000 0.512353
0.267100 0.512610
0.267200 0.512866
0.267300 0.513120
0.267400 0.513372
0.267500 0.513622
0.267600 0.513870
0.267700 0.514116
0.267800 0.514361
0.267900 0.514604
0.268000 0.514845
0.268100 0.515084
0.268200 0.515321
0.268300 0.515557
0.268400 0.515790
0.268500 0.516022
0.268600 0.516252
0.268700 0.516480
0.268800 0.516706
0.268900 0.516930
0.269000 0.517153
0.269100 0.517373
0.269200 0.517592
0.269300 0.517809
0.269400 0.518024
0.269500 0.518237
0.269600 0.518448
0.269700 0.518657
0.269800 0.518865
0.269900 0.519071
0.270000 0.519274
0.270100 0.519476
0.270200 0.519676
0.270300 0.519874
0.270400 0.520071
0.270500 0.520265
0.270600 0.520458
0.270700 0.520648
0.270800 0.520837
0.270900 0.521024
0.271000 0.521209
0.271100 0.521392
0.271200 0.521573
0.271300 0.521752
0.271400 0.521930
0.271500 0.522105
0.271600 0.522279
0.271700 0.522450
0.271800 0.522620
0.271900 0.522788
0.272000 0.522954
0.272100 0.523118
0.272200 0.523280
0.272300 0.523440
0.272400 0.523599
0.272500 0.523755
0.272600 0.523910
0.272700 0.524062
0.272800 0.524213
0.272900 0.524362
0.273000 0.524509
0.273100 0.524654
0.273200 0.524797
0.273300 0.524938
0.273400 0.525077
0.273500 0.525214
0.273600 0.525350
0.273700 0.525483
0.273800 0.525615
0.273900 0.525744
0.274000 0.525872
0.274100 0.525997
0.274200 0.526121
0.274300 0.526243
0.274400 0.526363
0.274500 0.526481
0.274600 0.526597
0.274700 0.526711
0.274800 0.526823
0.274900 0.526934
0.275000 0.527042
0.275100 0.527148
0.275200 0.527253
0.275300 0.527355
0.275400 0.527456
0.275500 0.527555
0.275600 0.527651
0.275700 0.527746
0.275800 0.527839
0.275900 0.527930
0.276000 0.528019
0.276100 0.528106
0.276200 0.528191
0.276300 0.528274
0.276400 0.528355
0.276500 0.528434
0.276600 0.528511
0.276700 0.528587
0.276800 0.528660
0.276900 0.528731
0.277000 0.528801
0.277100 0.528868
0.277200 0.528934
0.277300 0.528998
0.277400 0.529059
0.277500 0.529119
0.277600 0.529177
0.277700 0.529232
0.277800 0.529286
0.277900 0.529338
0.278000 0.529388
0.278100 0.529436
0.278200 0.529482
0.278300 0.529526
0.278400 0.529568
0.278500 0.529608
0.278600 0.529647
0.278700 0.529683
0.278800 0.529717
0.278900 0.529749
0.279000 0.529780
0.279100 0.529808
0.279200 0.529835
0.279300 0.529859
0.279400 0.529882
0.279500 0.529902
0.279600 0.529921
0.279700 0.529937
0.279800 0.529952
0.279900 0.529965
0.280000 0.529976
0.280100 0.529984
0.280200 0.529991
0.280300 0.529996
0.280400 0.529999
0.280500 0.530000
0.280600 0.529999
0.280700 0.529996
0.280800 0.529991
0.280900 0.529984
0.281000 0.529975
0.281100 0.529965
0.281200 0.529952
0.281300 0.529937
0.281400 0.529921
0.281500 0.529902
0.281600 0.529881
0.281700 0.529859
0.281800 0.529834
0.281900 0.529808
0.282000 0.529779
0.282100 0.529749
0.282200 0.529717
0.282300 0.529682
0.282400 0.529646
0.282500 0.529608
0.282600 0.529568
0.282700 0.529526
0.282800 0.529481
0.282900 0.529435
0.283000 0.529387
0.283100 0.529337
0.283200 0.529286
0.283300 0.529232
0.283400 0.529176
0.283500 0.529118
0.283600 0.529058
0.283700 0.528997
0.283800 0.528933
0.283900 0.528868
0.284000 0.528800
0.284100 0.528731
0.284200 0.528659
0.284300 0.528586
0.284400 0.528510
0.284500 0.528433
0.284600 0.528354
0.284700 0.528273
0.284800 0.528190
0.284900 0.528105
0.285000 0.528018
0.285100 0.527929
0.285200 0.527838
0.285300 0.527745
0.285400 0.527650
0.285500 0.527553
0.285600 0.527455
0.285700 0.527354
0.285800 0.527252
0.285900 0.527147
0.286000 0.527041
0.286100 0.526932
0.286200 0.526822
0.286300 0.526710
0.286400 0.526596
0.286500 0.526480
0.286600 0.526361
0.286700 0.526242
0.286800 0.526120
0.286900 0.525996
0.287000 0.525870
0.287100 0.525742
0.287200 0.525613
0.287300 0.525481
0.287400 0.525348
0.287500 0.525212
0.287600 0.525075
0.287700 0.524936
0.287800 0.524795
0.287900 0.524652
0.288000 0.524507
0.288100 0.524360
0.288200 0.524211
0.288300 0.524060
0.288400 0.523908
0.288500 0.523753
0.288600 0.523597
0.288700 0.523438
0.288800 0.523278
0.288900 0.523116
0.289000 0.522952
0.289100 0.522786
0.289200 0.522618
0.289300 0.522448
0.289400 0.522276
0.289500 0.522103
0.289600 0.521927
0.289700 0.521750
0.289800 0.521571
0.289900 0.521389
0.290000 0.521206
0.290100 0.521021
0.290200 0.520834
0.290300 0.520646
0.290400 0.520455
0.290500 0.520263
0.290600 0.520068
0.290700 0.519872
0.290800 0.519674
0.290900 0.519474
0.291000 0.519272
0.291100 0.519068
0.291200 0.518862
0.291300 0.518655
0.291400 0.518445
0.291500 0.518234
0.291600 0.518021
0.291700 0.517806
0.291800 0.517589
0.291900 0.517370
0.292000 0.517150
0.292100 0.516927
0.292200 0.516703
0.292300 0.516477
0.292400 0.516249
0.292500 0.516019
0.292600 0.515787
0.292700 0.515553
0.292800 0.515318
0.292900 0.515081
0.293000 0.514842
0.293100 0.514601
0.293200 0.514358
0.293300 0.514113
0.293400 0.513867
0.293500 0.513618
0.293600 0.513368
0.293700 0.513116
0.293800 0.512863
0.293900 0.512607
0.294000 0.512349
0.294100 0.512090
0.294200 0.511829
0.294300 0.511566
0.294400 0.511301
0.294500 0.511035
0.294600 0.510767
0.294700 0.510496
0.294800 0.510224
0.294900 0.509951
0.295000 0.509675
0.295100 0.509398
0.295200 0.509119
0.295300 0.508838
0.295400 0.508555
0.295500 0.508270
0.295600 0.507984
0.295700 0.507696
0.295800 0.507406
0.295900 0.507114
0.296000 0.506821
0.296100 0.506526
0.296200 0.506229
0.296300 0.505930
0.296400 0.505629
0.296500 0.505327
0.296600 0.505023
0.296700 0.504717
0.296800 0.504409
0.296900 0.504100
0.297000 0.503789
0.297100 0.503476
0.297200 0.503161
0.297300 0.502845
0.297400 0.502527
0.297500 0.502207
0.297600 0.501885
0.297700 0.501562
0.297800 0.501236
0.297900 0.500910
0.298000 0.500581
0.298100 0.500251
0.298200 0.499919
0.298300 0.499585
0.298400 0.499249
0.298500 0.498912
0.298600 0.498573
0.298700 0.498233
0.298800 0.497890
0.298900 0.497546
0.299000 0.497201
0.299100 0.496853
0.299200 0.496504
0.299300 0.496153
0.299400 0.495800
0.299500 0.495446
0.299600 0.495090
0.299700 0.494733
0.299800 0.494373
0.299900 0.494012
0.300000 0.493650
0.300100 0.493285
0.300200 0.492919
0.300300 0.492552
0.300400 0.492182
0.300500 0.491811
0.300600 0.491439
0.300700 0.491064
0.300800 0.490688
0.300900 0.490311
0.301000 0.489931
0.301100 0.489551
0.301200 0.489168
0.301300 0.488784
0.301400 0.488398
0.301500 0.488010
0.301600 0.487621
0.301700 0.487231
0.301800 0.486838
0.301900 0.486444
0.302000 0.486049
0.302100 0.485651
0.302200 0.485253
0.302300 0.484852
0.302400 0.484450
0.302500 0.484046
0.302600 0.483641
0.302700 0.483234
0.302800 0.482826
0.302900 0.482416
0.303000 0.482004
0.303100 0.481591
0.303200 0.481176
0.303300 0.480760
0.303400 0.480342
0.303500 0.479922
0.303600 0.479501
0.303700 0.479079
0.303800 0.478654
0.303900 0.478229
0.304000 0.477801
0.304100 0.477373
0.304200 0.476942
0.304300 0.476510
0.304400 0.476077
0.304500 0.475642
0.304600 0.475205
0.304700 0.474767
0.304800 0.474327
0.304900 0.473886
0.305000 0.473444
0.305100 0.472999
0.305200 0.472554
0.305300 0.472107
0.305400 0.471658
0.305500 0.471208
0.305600 0.470756
0.305700 0.470303
0.305800 0.469848
0.305900 0.469392
0.306000 0.468934
0.306100 0.468475
0.306200 0.468014
0.306300 0.467552
0.306400 0.467089
0.306500 0.466624
0.306600 0.466157
0.306700 0.465689
0.306800 0.465220
0.306900 0.464749
0.307000 0.464277
0.307100 0.463803
0.307200 0.463328
0.307300 0.462851
0.307400 0.462373
0.307500 0.461893
0.307600 0.461412
0.307700 0.460930
0.307800 0.460446
0.307900 0.459961
0.308000 0.459474
0.308100 0.458986
0.308200 0.458497
0.308300 0.458006
0.308400 0.457514
0.308500 0.457020
0.308600 0.456525
0.308700 0.456029
0.308800 0.455531
0.308900 0.455032
0.309000 0.454532
0.309100 0.454030
0.309200 0.453527
0.309300 0.453022
0.309400 0.452516
0.309500 0.452009
0.309600 0.451500
0.309700 0.450990
0.309800 0.450479
0.309900 0.449966
0.310000 0.449452
0.310100 0.448937
0.310200 0.448420
0.310300 0.447902
0.310400 0.447383
0.310500 0.446862
0.310600 0.446340
0.310700 0.445817
0.310800 0.445293
0.310900 0.444767
0.311000 0.444240
0.311100 0.443711
0.311200 0.443182
0.311300 0.442651
0.311400 0.442118
0.311500 0.441585
0.311600 0.441050
0.311700 0.440514
0.311800 0.439977
0.311900 0.439438
0.312000 0.438899
0.312100 0.438358
0.312200 0.437815
0.312300 0.437272
0.312400 0.436727
0.312500 0.436181
0.312600 0.435634
0.312700 0.435085
0.312800 0.434536
0.312900 0.433985
0.313000 0.433433
0.313100 0.432880
0.313200 0.432325
0.313300 0.431769
0.313400 0.431213
0.313500 0.430655
0.313600 0.430095
0.313700 0.429535
0.313800 0.428973
0.313900 0.428411
0.314000 0.427847
0.314100 0.427282
0.314200 0.426716
0.314300 0.426148
0.314400 0.425580
0.314500 0.425010
0.314600 0.424439
0.314700 0.423867
0.314800 0.423294
0.314900 0.422720
0.315000 0.422145
0.315100 0.421568
0.315200 0.420991
0.315300 0.420412
0.315400 0.419833
0.315500 0.419252
0.315600 0.418670
0.315700 0.418087
0.315800 0.417503
0.315900 0.416918
0.316000 0.416331
0.316100 0.415744
0.316200 0.415156
0.316300 0.414566
0.316400 0.413976
0.316500 0.413384
0.316600 0.412792
0.316700 0.412198
0.316800 0.411604
0.316900 0.411008
0.317000 0.410411
0.317100 0.409814
0.317200 0.409215
0.317300 0.408615
0.317400 0.408014
0.317500 0.407413
0.317600 0.406810
0.317700 0.406206
0.317800 0.405601
0.317900 0.404995
0.318000 0.404389
0.318100 0.403781
0.318200 0.403172
0.318300 0.402563
0.318400 0.401952
0.318500 0.401341
0.318600 0.400728
0.318700 0.400115
0.318800 0.399500
0.318900 0.398885
0.319000 0.398269
0.319100 0.397652
0.319200 0.397034
0.319300 0.396414
0.319400 0.395795
0.319500 0.395174
0.319600 0.394552
0.319700 0.393929
0.319800 0.393306
0.319900 0.392681
0.320000 0.392056
0.320100 0.391430
0.320200 0.390803
0.320300 0.390175
0.320400 0.389546
0.320500 0.388916
0.320600 0.388286
0.320700 0.387655
0.320800 0.387022
0.320900 0.386389
0.321000 0.385756
0.321100 0.385121
0.321200 0.384485
0.321300 0.383849
0.321400 0.383212
0.321500 0.382574
0.321600 0.381935
0.321700 0.381296
0.321800 0.380655
0.321900 0.380014
0.322000 0.379372
0.322100 0.378729
0.322200 0.378086
0.322300 0.377442
0.322400 0.376797
0.322500 0.376151
0.322600 0.375504
0.322700 0.374857
0.322800 0.374209
0.322900 0.373560
0.323000 0.372911
0.323100 0.372260
0.323200 0.371610
0.323300 0.370958
0.323400 0.370305
0.323500 0.369652
0.323600 0.368999
0.323700 0.368344
0.323800 0.367689
0.323900 0.367033
0.324000 0.366377
0.324100 0.365719
0.324200 0.365061
0.324300 0.364403
0.324400 0.363744
0.324500 0.363084
0.324600 0.362423
0.324700 0.361762
0.324800 0.361100
0.324900 0.360438
0.325000 0.359775
0.325100 0.359111
0.325200 0.358447
0.325300 0.357782
0.325400 0.357116
0.325500 0.356450
0.325600 0.355783
0.325700 0.355116
0.325800 0.354448
0.325900 0.353779
0.326000 0.353110
0.326100 0.352440
0.326200 0.351770
0.326300 0.351099
0.326400 0.350428
0.326500 0.349756
0.326600 0.349084
0.326700 0.348411
0.326800 0.347737
0.326900 0.347063
0.327000 0.346388
0.327100 0.345713
0.327200 0.345038
0.327300 0.344361
0.327400 0.343685
0.327500 0.343008
0.327600 0.342330
0.327700 0.341652
0.327800 0.340973
0.327900 0.340294
0.328000 0.339615
0.328100 0.338935
0.328200 0.338254
0.328300 0.337573
0.328400 0.336892
0.328500 0.336210
0.328600 0.335527
0.328700 0.334845
0.328800 0.334162
0.328900 0.333478
0.329000 0.332794
0.329100 0.332110
0.329200 0.331425
0.329300 0.330740
0.329400 0.330054
0.329500 0.329368
0.329600 0.328681
0.329700 0.327995
0.329800 0.327308
0.329900 0.326620
0.330000 0.325932
0.330100 0.325244
0.330200 0.324555
0.330300 0.323866
0.330400 0.323177
0.330500 0.322487
0.330600 0.321797
0.330700 0.321107
0.330800 0.320416
0.330900 0.319725
0.331000 0.319034
0.331100 0.318343
0.331200 0.317651
0.331300 0.316959
0.331400 0.316266
0.331500 0.315573
0.331600 0.314880
0.331700 0.314187
0.331800 0.313493
0.331900 0.312800
0.332000 0.312106
0.332100 0.311411
0.332200 0.310717
0.332300 0.310022
0.332400 0.309327
0.332500 0.308632
0.332600 0.307936
0.332700 0.307240
0.332800 0.306544
0.332900 0.305848
0.333000 0.305152
0.333100 0.304455
0.333200 0.303759
0.333300 0.303062
0.333400 0.302365
0.333500 0.301667
0.333600 0.300970
0.333700 0.300272
0.333800 0.299574
0.333900 0.298877
0.334000 0.298178
0.334100 0.297480
0.334200 0.296782
0.334300 0.296083
0.334400 0.295385
0.334500 0.294686
0.334600 0.293987
0.334700 0.293288
0.334800 0.292589
0.334900 0.291890
0.335000 0.291191
0.335100 0.290491
0.335200 0.289792
0.335300 0.289092
0.335400 0.288393
0.335500 0.287693
0.335600 0.286994
0.335700 0.286294
0.335800 0.285594
0.335900 0.284894
0.336000 0.284194
0.336100 0.283494
0.336200 0.282794
0.336300 0.282094
0.336400 0.281394
0.336500 0.280694
0.336600 0.279994
0.336700 0.279294
0.336800 0.278594
0.336900 0.277895
0.337000 0.277195
0.337100 0.276495
0.337200 0.275795
0.337300 0.275095
0.337400 0.274395
0.337500 0.273695
0.337600 0.272995
0.337700 0.272296
0.337800 0.271596
0.337900 0.270897
0.338000 0.270197
0.338100 0.269498
0.338200 0.268798
0.338300 0.268099
0.338400 0.267400
0.338500 0.266701
0.338600 0.266002
0.338700 0.265303
0.338800 0.264604
0.338900 0.263906
0.339000 0.263207
0.339100 0.262509
0.339200 0.261811
0.339300 0.261113
0.339400 0.260415
0.339500 0.259717
0.339600 0.259019
0.339700 0.258322
0.339800 0.257624
0.339900 0.256927
0.340000 0.256230
0.340100 0.255534
0.340200 0.254837
0.340300 0.254141
0.340400 0.253445
0.340500 0.252749
0.340600 0.252053
0.340700 0.251358
0.340800 0.250662
0.340900 0.249967
0.341000 0.249272
0.341100 0.248578
0.341200 0.247883
0.341300 0.247189
0.341400 0.246496
0.341500 0.245802
0.341600 0.245109
0.341700 0.244416
0.341800 0.243723
0.341900 0.243031
0.342000 0.242338
0.342100 0.241647
0.342200 0.240955
0.342300 0.240264
0.342400 0.239573
0.342500 0.238882
0.342600 0.238192
0.342700 0.237502
0.342800 0.236812
0.342900 0.236123
0.343000 0.235434
0.343100 0.234745
0.343200 0.234057
0.343300 0.233369
0.343400 0.232682
0.343500 0.231995
0.343600 0.231308
0.343700 0.230621
0.343800 0.229935
0.343900 0.229250
0.344000 0.228564
0.344100 0.227880
0.344200 0.227195
0.344300 0.226511
0.344400 0.225828
0.344500 0.225144
0.344600 0.224462
0.344700 0.223779
0.344800 0.223098
0.344900 0.222416
0.345000 0.221735
0.345100 0.221055
0.345200 0.220375
0.345300 0.219695
0.345400 0.219016
0.345500 0.218337
0.345600 0.217659
0.345700 0.216982
0.345800 0.216305
0.345900 0.215628
0.346000 0.214952
0.346100 0.214276
0.346200 0.213601
0.346300 0.212926
0.346400 0.212252
0.346500 0.211579
0.346600 0.210906
0.346700 0.210233
0.346800 0.209561
0.346900 0.208890
0.347000 0.208219
0.347100 0.207549
0.347200 0.206879
0.347300 0.206210
0.347400 0.205542
0.347500 0.204874
0.347600 0.204206
0.347700 0.203540
0.347800 0.202873
0.347900 0.202208
0.348000 0.201543
0.348100 0.200879
0.348200 0.200215
0.348300 0.199552
0.348400 0.198889
0.348500 0.198228
0.348600 0.197566
0.348700 0.196906
0.348800 0.196246
0.348900 0.195587
0.349000 0.194928
0.349100 0.194270
0.349200 0.193613
0.349300 0.192957
0.349400 0.192301
0.349500 0.191646
0.349600 0.190991
0.349700 0.190337
0.349800 0.189684
0.349900 0.189032
0.350000 0.188380
0.350100 0.187729
0.350200 0.187079
0.350300 0.186430
0.350400 0.185781
0.350500 0.185133
0.350600 0.184486
0.350700 0.183839
0.350800 0.183193
0.350900 0.182548
0.351000 0.181904
0.351100 0.181261
0.351200 0.180618
0.351300 0.179976
0.351400 0.179335
0.351500 0.178694
0.351600 0.178055
0.351700 0.177416
0.351800 0.176778
0.351900 0.176141
0.352000 0.175505
0.352100 0.174869
0.352200 0.174234
0.352300 0.173601
0.352400 0.172968
0.352500 0.172335
0.352600 0.171704
0.352700 0.171074
0.352800 0.170444
0.352900 0.169815
0.353000 0.169187
0.353100 0.168560
0.353200 0.167934
0.353300 0.167309
0.353400 0.166684
0.353500 0.166061
0.353600 0.165438
0.353700 0.164816
0.353800 0.164196
0.353900 0.163576
0.354000 0.162957
0.354100 0.162339
0.354200 0.161722
0.354300 0.161105
0.354400 0.160490
0.354500 0.159876
0.354600 0.159262
0.354700 0.158650
0.354800 0.158038
0.354900 0.157428
0.355000 0.156818
0.355100 0.156209
0.355200 0.155602
0.355300 0.154995
0.355400 0.154389
0.355500 0.153785
0.355600 0.153181
0.355700 0.152578
0.355800 0.151976
0.355900 0.151376
0.356000 0.150776
0.356100 0.150177
0.356200 0.149579
0.356300 0.148983
0.356400 0.148387
0.356500 0.147792
0.356600 0.147199
0.356700 0.146606
0.356800 0.146015
0.356900 0.145424
0.357000 0.144835
0.357100 0.144247
0.357200 0.143659
0.357300 0.143073
0.357400 0.142488
0.357500 0.141904
0.357600 0.141321
0.357700 0.140739
0.357800 0.140158
0.357900 0.139579
0.358000 0.139000
0.358100 0.138422
0.358200 0.137846
0.358300 0.137271
0.358400 0.136697
0.358500 0.136124
0.358600 0.135552
0.358700 0.134981
0.358800 0.134411
0.358900 0.133843
0.359000 0.133276
0.359100 0.132709
0.359200 0.132144
0.359300 0.131580
0.359400 0.131018
0.359500 0.130456
0.359600 0.129896
0.359700 0.129337
0.359800 0.128779
0.359900 0.128222
0.360000 0.127666
0.360100 0.127112
0.360200 0.126558
0.360300 0.126006
0.360400 0.125456
0.360500 0.124906
0.360600 0.124358
0.360700 0.123810
0.360800 0.123264
0.360900 0.122720
0.361000 0.122176
0.361100 0.121634
0.361200 0.121093
0.361300 0.120553
0.361400 0.120015
0.361500 0.119477
0.361600 0.118941
0.361700 0.118407
0.361800 0.117873
0.361900 0.117341
0.362000 0.116810
0.362100 0.116280
0.362200 0.115752
0.362300 0.115225
0.362400 0.114699
0.362500 0.114175
0.362600 0.113651
0.362700 0.113130
0.362800 0.112609
0.362900 0.112090
0.363000 0.111572
0.363100 0.111055
0.363200 0.110540
0.363300 0.110026
0.363400 0.109513
0.363500 0.109002
0.363600 0.108492
0.363700 0.107983
0.363800 0.107476
0.363900 0.106970
0.364000 0.106465
0.364100 0.105962
0.364200 0.105460
0.364300 0.104960
0.364400 0.104461
0.364500 0.103963
0.364600 0.103467
0.364700 0.102972
0.364800 0.102478
0.364900 0.101986
0.365000 0.101495
0.365100 0.101006
0.365200 0.100518
0.365300 0.100031
0.365400 0.099546
0.365500 0.099062
0.365600 0.098580
0.365700 0.098099
0.365800 0.097620
0.365900 0.097142
0.366000 0.096665
0.366100 0.096190
0.366200 0.095716
0.366300 0.095244
0.366400 0.094773
0.366500 0.094303
0.366600 0.093836
0.366700 0.093369
0.366800 0.092904
0.366900 0.092440
0.367000 0.091978
0.367100 0.091518
0.367200 0.091059
0.367300 0.090601
0.367400 0.090145
0.367500 0.089690
0.367600 0.089237
0.367700 0.088785
0.367800 0.088335
0.367900 0.087886
0.368000 0.087439
0.368100 0.086994
0.368200 0.086549
0.368300 0.086107
0.368400 0.085666
0.368500 0.085226
0.368600 0.084788
0.368700 0.084351
0.368800 0.083916
0.368900 0.083483
0.369000 0.083051
0.369100 0.082621
0.369200 0.082192
0.369300 0.081765
0.369400 0.081339
0.369500 0.080915
0.369600 0.080492
0.369700 0.080071
0.369800 0.079652
0.369900 0.079234
0.370000 0.078817
0.370100 0.078403
0.370200 0.077989
0.370300 0.077578
0.370400 0.077168
0.370500 0.076759
0.370600 0.076352
0.370700 0.075947
0.370800 0.075544
0.370900 0.075142
0.371000 0.074741
0.371100 0.074342
0.371200 0.073945
0.371300 0.073550
0.371400 0.073156
0.371500 0.072763
0.371600 0.072373
0.371700 0.071983
0.371800 0.071596
0.371900 0.071210
0.372000 0.070826
0.372100 0.070443
0.372200 0.070063
0.372300 0.069683
0.372400 0.069306
0.372500 0.068930
0.372600 0.068555
0.372700 0.068183
0.372800 0.067812
0.372900 0.067443
0.373000 0.067075
0.373100 0.066709
0.373200 0.066345
0.373300 0.065982
0.373400 0.065621
0.373500 0.065262
0.373600 0.064904
0.373700 0.064548
0.373800 0.064194
0.373900 0.063841
0.374000 0.063491
0.374100 0.063141
0.374200 0.062794
0.374300 0.062448
0.374400 0.062104
0.374500 0.061762
0.374600 0.061421
0.374700 0.061082
0.374800 0.060745
0.374900 0.060410
0.375000 0.060076
0.375100 0.059744
0.375200 0.059414
0.375300 0.059085
0.375400 0.058758
0.375500 0.058433
0.375600 0.058110
0.375700 0.057788
0.375800 0.057468
0.375900 0.057150
0.376000 0.056834
0.376100 0.056519
0.376200 0.056206
0.376300 0.055895
0.376400 0.055586
0.376500 0.055278
0.376600 0.054972
0.376700 0.054668
0.376800 0.054366
0.376900 0.054066
0.377000 0.053767
0.377100 0.053470
0.377200 0.053175
0.377300 0.052881
0.377400 0.052589
0.377500 0.052300
0.377600 0.052011
0.377700 0.051725
0.377800 0.051441
0.377900 0.051158
0.378000 0.050877
0.378100 0.050598
0.378200 0.050320
0.378300 0.050045
0.378400 0.049771
0.378500 0.049499
0.378600 0.049229
0.378700 0.048961
0.378800 0.048694
0.378900 0.048430
0.379000 0.048167
0.379100 0.047906
0.379200 0.047646
0.379300 0.047389
0.379400 0.047133
0.379500 0.046880
0.379600 0.046628
0.379700 0.046378
0.379800 0.046129
0.379900 0.045883
0.380000 0.045638
0.380100 0.045396
0.380200 0.045155
0.380300 0.044916
0.380400 0.044678
0.380500 0.044443
0.380600 0.044209
0.380700 0.043978
0.380800 0.043748
0.380900 0.043520
0.381000 0.043294
0.381100 0.043069
0.381200 0.042847
0.381300 0.042626
0.381400 0.042408
0.381500 0.042191
0.381600 0.041976
0.381700 0.041763
0.381800 0.041551
0.381900 0.041342
0.382000 0.041134
0.382100 0.040929
0.382200 0.040725
0.382300 0.040523
0.382400 0.040323
0.382500 0.040125
0.382600 0.039929
0.382700 0.039734
0.382800 0.039542
0.382900 0.039351
0.383000 0.039163
0.383100 0.038976
0.383200 0.038791
0.383300 0.038608
0.383400 0.038427
0.383500 0.038247
0.383600 0.038070
0.383700 0.037894
0.383800 0.037721
0.383900 0.037549
0.384000 0.037379
0.384100 0.037212
0.384200 0.037046
0.384300 0.036882
0.384400 0.036719
0.384500 0.036559
0.384600 0.036401
0.384700 0.036244
0.384800 0.036090
0.384900 0.035937
0.385000 0.035787
0.385100 0.035638
0.385200 0.035491
0.385300 0.035346
0.385400 0.035203
0.385500 0.035062
0.385600 0.034923
0.385700 0.034785
0.385800 0.034650
0.385900 0.034517
0.386000 0.034385
0.386100 0.034256
0.386200 0.034128
0.386300 0.034002
0.386400 0.033878
0.386500 0.033757
0.386600 0.033637
0.386700 0.033519
0.386800 0.033403
0.386900 0.033288
0.387000 0.033176
0.387100 0.033066
0.387200 0.032958
0.387300 0.032851
0.387400 0.032747
0.387500 0.032644
0.387600 0.032544
0.387700 0.032445
0.387800 0.032348
0.387900 0.032254
0.388000 0.032161
0.388100 0.032070
0.388200 0.031981
0.388300 0.031894
0.388400 0.031809
0.388500 0.031726
0.388600 0.031645
0.388700 0.031566
0.388800 0.031488
0.388900 0.031413
0.389000 0.031340
0.389100 0.031268
0.389200 0.031199
0.389300 0.031131
0.389400 0.031066
0.389500 0.031002
0.389600 0.030941
0.389700 0.030881
0.389800 0.030823
0.389900 0.030767
0.390000 0.030714
0.390100 0.030662
0.390200 0.030612
0.390300 0.030564
0.390400 0.030518
0.390500 0.030474
0.390600 0.030432
0.390700 0.030392
0.390800 0.030353
0.390900 0.030317
0.391000 0.030283
0.391100 0.030251
0.391200 0.030220
0.391300 0.030192
0.391400 0.030165
0.391500 0.030141
0.391600 0.030118
0.391700 0.030098
0.391800 0.030079
0.391900 0.030063
0.392000 0.030048
0.392100 0.030035
0.392200 0.030024
0.392300 0.030016
0.392400 0.030009
0.392500 0.030004
0.392600 0.030001
0.392700 0.030000
0.392800 0.030001
0.392900 0.030004
0.393000 0.030009
0.393100 0.030016
0.393200 0.030025
0.393300 0.030035
0.393400 0.030048
0.393500 0.030063
0.393600 0.030080
0.393700 0.030098
0.393800 0.030119
0.393900 0.030141
0.394000 0.030166
0.394100 0.030192
0.394200 0.030221
0.394300 0.030251
0.394400 0.030283
0.394500 0.030318
0.394600 0.030354
0.394700 0.030392
0.394800 0.030432
0.394900 0.030475
0.395000 0.030519
0.395100 0.030565
0.395200 0.030613
0.395300 0.030663
0.395400 0.030715
0.395500 0.030768
0.395600 0.030824
0.395700 0.030882
0.395800 0.030942
0.395900 0.031003
0.396000 0.031067
0.396100 0.031133
0.396200 0.031200
0.396300 0.031270
0.396400 0.031341
0.396500 0.031414
0.396600 0.031490
0.396700 0.031567
0.396800 0.031646
0.396900 0.031727
0.397000 0.031811
0.397100 0.031896
0.397200 0.031983
0.397300 0.032072
0.397400 0.032163
0.397500 0.032255
0.397600 0.032350
0.397700 0.032447
0.397800 0.032546
0.397900 0.032646
0.398000 0.032749
0.398100 0.032853
0.398200 0.032960
0.398300 0.033068
0.398400 0.033178
0.398500 0.033291
0.398600 0.033405
0.398700 0.033521
0.398800 0.033639
0.398900 0.033759
0.399000 0.033881
0.399100 0.034004
0.399200 0.034130
0.399300 0.034258
0.399400 0.034388
0.399500 0.034519
0.399600 0.034653
0.399700 0.034788
0.399800 0.034925
0.399900 0.035064
0.400000 0.035206
0.400100 0.035349
0.400200 0.035494
0.400300 0.035641
0.400400 0.035789
0.400500 0.035940
0.400600 0.036093
0.400700 0.036247
0.400800 0.036404
0.400900 0.036562
0.401000 0.036722
0.401100 0.036885
0.401200 0.037049
0.401300 0.037215
0.401400 0.037383
0.401500 0.037552
0.401600 0.037724
0.401700 0.037898
0.401800 0.038073
0.401900 0.038251
0.402000 0.038430
0.402100 0.038611
0.402200 0.038794
0.402300 0.038979
0.402400 0.039166
0.402500 0.039355
0.402600 0.039545
0.402700 0.039738
0.402800 0.039932
0.402900 0.040129
0.403000 0.040327
0.403100 0.040527
0.403200 0.040729
0.403300 0.040933
0.403400 0.041138
0.403500 0.041346
0.403600 0.041555
0.403700 0.041767
0.403800 0.041980
0.403900 0.042195
0.404000 0.042412
0.404100 0.042630
0.404200 0.042851
0.404300 0.043073
0.404400 0.043298
0.404500 0.043524
0.404600 0.043752
0.404700 0.043982
0.404800 0.044214
0.404900 0.044447
0.405000 0.044683
0.405100 0.044920
0.405200 0.045159
0.405300 0.045400
0.405400 0.045643
0.405500 0.045887
0.405600 0.046134
0.405700 0.046382
0.405800 0.046632
0.405900 0.046884
0.406000 0.047138
0.406100 0.047394
0.406200 0.047651
0.406300 0.047910
0.406400 0.048172
0.406500 0.048434
0.406600 0.048699
0.406700 0.048966
0.406800 0.049234
0.406900 0.049504
0.407000 0.049776
0.407100 0.050050
0.407200 0.050326
0.407300 0.050603
0.407400 0.050882
0.407500 0.051163
0.407600 0.051446
0.407700 0.051730
0.407800 0.052017
0.407900 0.052305
0.408000 0.052595
0.408100 0.052886
0.408200 0.053180
0.408300 0.053475
0.408400 0.053772
0.408500 0.054071
0.408600 0.054372
0.408700 0.054674
0.408800 0.054978
0.408900 0.055284
0.409000 0.055592
0.409100 0.055901
0.409200 0.056212
0.409300 0.056525
0.409400 0.056840
0.409500 0.057156
0.409600 0.057474
0.409700 0.057794
0.409800 0.058116
0.409900 0.058439
0.410000 0.058764
0.410100 0.059091
0.410200 0.059420
0.410300 0.059750
0.410400 0.060082
0.410500 0.060416
0.410600 0.060751
0.410700 0.061089
0.410800 0.061428
0.410900 0.061768
0.411000 0.062111
0.411100 0.062455
0.411200 0.062800
0.411300 0.063148
0.411400 0.063497
0.411500 0.063848
0.411600 0.064200
0.411700 0.064555
0.411800 0.064911
0.411900 0.065268
0.412000 0.065628
0.412100 0.065989
0.412200 0.066351
0.412300 0.066716
0.412400 0.067082
0.412500 0.067449
0.412600 0.067819
0.412700 0.068190
0.412800 0.068562
0.412900 0.068937
0.413000 0.069313
0.413100 0.069690
0.413200 0.070070
0.413300 0.070450
0.413400 0.070833
0.413500 0.071217
0.413600 0.071603
0.413700 0.071991
0.413800 0.072380
0.413900 0.072770
0.414000 0.073163
0.414100 0.073557
0.414200 0.073952
0.414300 0.074350
0.414400 0.074749
0.414500 0.075149
0.414600 0.075551
0.414700 0.075955
0.414800 0.076360
0.414900 0.076767
0.415000 0.077175
0.415100 0.077585
0.415200 0.077997
0.415300 0.078410
0.415400 0.078825
0.415500 0.079241
0.415600 0.079659
0.415700 0.080079
0.415800 0.080500
0.415900 0.080922
0.416000 0.081347
0.416100 0.081772
0.416200 0.082200
0.416300 0.082629
0.416400 0.083059
0.416500 0.083491
0.416600 0.083924
0.416700 0.084359
0.416800 0.084796
0.416900 0.085234
0.417000 0.085674
0.417100 0.086115
0.417200 0.086558
0.417300 0.087002
0.417400 0.087447
0.417500 0.087895
0.417600 0.088343
0.417700 0.088794
0.417800 0.089245
0.417900 0.089699
0.418000 0.090153
0.418100 0.090609
0.418200 0.091067
0.418300 0.091526
0.418400 0.091987
0.418500 0.092449
0.418600 0.092913
0.418700 0.093378
0.418800 0.093844
0.418900 0.094312
0.419000 0.094782
0.419100 0.095252
0.419200 0.095725
0.419300 0.096198
0.419400 0.096674
0.419500 0.097150
0.419600 0.097628
0.419700 0.098108
0.419800 0.098589
0.419900 0.099071
0.420000 0.099555
0.420100 0.100040
0.420200 0.100527
0.420300 0.101015
0.420400 0.101504
0.420500 0.101995
0.420600 0.102487
0.420700 0.102981
0.420800 0.103476
0.420900 0.103972
0.421000 0.104470
0.421100 0.104969
0.421200 0.105470
0.421300 0.105971
0.421400 0.106475
0.421500 0.106979
0.421600 0.107485
0.421700 0.107993
0.421800 0.108501
0.421900 0.109011
0.422000 0.109523
0.422100 0.110035
0.422200 0.110549
0.422300 0.111065
0.422400 0.111581
0.422500 0.112099
0.422600 0.112618
0.422700 0.113139
0.422800 0.113661
0.422900 0.114184
0.423000 0.114709
0.423100 0.115235
0.423200 0.115762
0.423300 0.116290
0.423400 0.116820
0.423500 0.117351
0.423600 0.117883
0.423700 0.118416
0.423800 0.118951
0.423900 0.119487
0.424000 0.120025
0.424100 0.120563
0.424200 0.121103
0.424300 0.121644
0.424400 0.122186
0.424500 0.122730
0.424600 0.123274
0.424700 0.123820
0.424800 0.124368
0.424900 0.124916
0.425000 0.125466
0.425100 0.126017
0.425200 0.126569
0.425300 0.127122
0.425400 0.127676
0.425500 0.128232
0.425600 0.128789
0.425700 0.129347
0.425800 0.129906
0.425900 0.130467
0.426000 0.131028
0.426100 0.131591
0.426200 0.132155
0.426300 0.132720
0.426400 0.133286
0.426500 0.133853
0.426600 0.134422
0.426700 0.134991
0.426800 0.135562
0.426900 0.136134
0.427000 0.136707
0.427100 0.137281
0.427200 0.137857
0.427300 0.138433
0.427400 0.139011
0.427500 0.139589
0.427600 0.140169
0.427700 0.140750
0.427800 0.141332
0.427900 0.141915
0.428000 0.142499
0.428100 0.143084
0.428200 0.143670
0.428300 0.144257
0.428400 0.144846
0.428500 0.145435
0.428600 0.146026
0.428700 0.146617
0.428800 0.147210
0.428900 0.147803
0.429000 0.148398
0.429100 0.148994
0.429200 0.149590
0.429300 0.150188
0.429400 0.150787
0.429500 0.151387
0.429600 0.151987
0.429700 0.152589
0.429800 0.153192
0.429900 0.153796
0.430000 0.154400
0.430100 0.155006
0.430200 0.155613
0.430300 0.156221
0.430400 0.156829
0.430500 0.157439
0.430600 0.158049
0.430700 0.158661
0.430800 0.159273
0.430900 0.159887
0.431000 0.160501
0.431100 0.161117
0.431200 0.161733
0.431300 0.162350
0.431400 0.162968
0.431500 0.163587
0.431600 0.164207
0.431700 0.164828
0.431800 0.165450
0.431900 0.166072
0.432000 0.166696
0.432100 0.167320
0.432200 0.167946
0.432300 0.168572
0.432400 0.169199
0.432500 0.169827
0.432600 0.170456
0.432700 0.171085
0.432800 0.171716
0.432900 0.172347
0.433000 0.172979
0.433100 0.173612
0.433200 0.174246
0.433300 0.174881
0.433400 0.175516
0.433500 0.176153
0.433600 0.176790
0.433700 0.177428
0.433800 0.178067
0.433900 0.178706
0.434000 0.179347
0.434100 0.179988
0.434200 0.180630
0.434300 0.181272
0.434400 0.181916
0.434500 0.182560
0.434600 0.183205
0.434700 0.183851
0.434800 0.184497
0.434900 0.185145
0.435000 0.185793
0.435100 0.186441
0.435200 0.187091
0.435300 0.187741
0.435400 0.188392
0.435500 0.189044
0.435600 0.189696
0.435700 0.190349
0.435800 0.191003
0.435900 0.191658
0.436000 0.192313
0.436100 0.192969
0.436200 0.193625
0.436300 0.194282
0.436400 0.194940
0.436500 0.195599
0.436600 0.196258
0.436700 0.196918
0.436800 0.197579
0.436900 0.198240
0.437000 0.198902
0.437100 0.199564
0.437200 0.200227
0.437300 0.200891
0.437400 0.201555
0.437500 0.202220
0.437600 0.202886
0.437700 0.203552
0.437800 0.204219
0.437900 0.204886
0.438000 0.205554
0.438100 0.206223
0.438200 0.206892
0.438300 0.207561
0.438400 0.208232
0.438500 0.208902
0.438600 0.209574
0.438700 0.210246
0.438800 0.210918
0.438900 0.211591
0.439000 0.212265
0.439100 0.212939
0.439200 0.213613
0.439300 0.214289
0.439400 0.214964
0.439500 0.215640
0.439600 0.216317
0.439700 0.216994
0.439800 0.217672
0.439900 0.218350
0.440000 0.219029
0.440100 0.219708
0.440200 0.220387
0.440300 0.221067
0.440400 0.221748
0.440500 0.222429
0.440600 0.223110
0.440700 0.223792
0.440800 0.224474
0.440900 0.225157
0.441000 0.225840
0.441100 0.226524
0.441200 0.227208
0.441300 0.227892
0.441400 0.228577
0.441500 0.229262
0.441600 0.229948
0.441700 0.230634
0.441800 0.231320
0.441900 0.232007
0.442000 0.232694
0.442100 0.233382
0.442200 0.234070
0.442300 0.234758
0.442400 0.235447
0.442500 0.236136
0.442600 0.236825
0.442700 0.237515
0.442800 0.238205
0.442900 0.238895
0.443000 0.239585
0.443100 0.240276
0.443200 0.240968
0.443300 0.241659
0.443400 0.242351
0.443500 0.243043
0.443600 0.243736
0.443700 0.244428
0.443800 0.245121
0.443900 0.245815
0.444000 0.246508
0.444100 0.247202
0.444200 0.247896
0.444300 0.248591
0.444400 0.249285
0.444500 0.249980
0.444600 0.250675
0.444700 0.251370
0.444800 0.252066
0.444900 0.252762
0.445000 0.253457
0.445100 0.254154
0.445200 0.254850
0.445300 0.255547
0.445400 0.256243
0.445500 0.256940
0.445600 0.257637
0.445700 0.258335
0.445800 0.259032
0.445900 0.259730
0.446000 0.260427
0.446100 0.261125
0.446200 0.261823
0.446300 0.262522
0.446400 0.263220
0.446500 0.263918
0.446600 0.264617
0.446700 0.265316
0.446800 0.266015
0.446900 0.266714
0.447000 0.267413
0.447100 0.268112
0.447200 0.268811
0.447300 0.269510
0.447400 0.270210
0.447500 0.270909
0.447600 0.271609
0.447700 0.272309
0.447800 0.273008
0.447900 0.273708
0.448000 0.274408
0.448100 0.275108
0.448200 0.275808
0.448300 0.276507
0.448400 0.277207
0.448500 0.277907
0.448600 0.278607
0.448700 0.279307
0.448800 0.280007
0.448900 0.280707
0.449000 0.281407
0.449100 0.282107
0.449200 0.282807
0.449300 0.283507
0.449400 0.284207
0.449500 0.284907
0.449600 0.285607
0.449700 0.286307
0.449800 0.287006
0.449900 0.287706
0.450000 0.288406
0.450100 0.289105
0.450200 0.289805
0.450300 0.290504
0.450400 0.291204
0.450500 0.291903
0.450600 0.292602
0.450700 0.293301
0.450800 0.294000
0.450900 0.294699
0.451000 0.295398
0.451100 0.296096
0.451200 0.296795
0.451300 0.297493
0.451400 0.298191
0.451500 0.298889
0.451600 0.299587
0.451700 0.300285
0.451800 0.300983
0.451900 0.301680
0.452000 0.302377
0.452100 0.303074
0.452200 0.303771
0.452300 0.304468
0.452400 0.305165
0.452500 0.305861
0.452600 0.306557
0.452700 0.307253
0.452800 0.307949
0.452900 0.308644
0.453000 0.309340
0.453100 0.310035
0.453200 0.310729
0.453300 0.311424
0.453400 0.312118
0.453500 0.312812
0.453600 0.313506
0.453700 0.314200
0.453800 0.314893
0.453900 0.315586
0.454000 0.316279
0.454100 0.316971
0.454200 0.317663
0.454300 0.318355
0.454400 0.319047
0.454500 0.319738
0.454600 0.320429
0.454700 0.321120
0.454800 0.321810
0.454900 0.322500
0.455000 0.323190
0.455100 0.323879
0.455200 0.324568
0.455300 0.325256
0.455400 0.325945
0.455500 0.326633
0.455600 0.327320
0.455700 0.328007
0.455800 0.328694
0.455900 0.329380
0.456000 0.330066
0.456100 0.330752
0.456200 0.331437
0.456300 0.332122
0.456400 0.332807
0.456500 0.333491
0.456600 0.334174
0.456700 0.334857
0.456800 0.335540
0.456900 0.336222
0.457000 0.336904
0.457100 0.337586
0.457200 0.338267
0.457300 0.338947
0.457400 0.339627
0.457500 0.340307
0.457600 0.340986
0.457700 0.341664
0.457800 0.342342
0.457900 0.343020
0.458000 0.343697
0.458100 0.344374
0.458200 0.345050
0.458300 0.345726
0.458400 0.346401
0.458500 0.347075
0.458600 0.347749
0.458700 0.348423
0.458800 0.349096
0.458900 0.349768
0.459000 0.350440
0.459100 0.351112
0.459200 0.351783
0.459300 0.352453
0.459400 0.353122
0.459500 0.353792
0.459600 0.354460
0.459700 0.355128
0.459800 0.355795
0.459900 0.356462
0.460000 0.357128
0.460100 0.357794
0.460200 0.358459
0.460300 0.359123
0.460400 0.359787
0.460500 0.360450
0.460600 0.361112
0.460700 0.361774
0.460800 0.362435
0.460900 0.363096
0.461000 0.363756
0.461100 0.364415
0.461200 0.365073
0.461300 0.365731
0.461400 0.366389
0.461500 0.367045
0.461600 0.367701
0.461700 0.368356
0.461800 0.369011
0.461900 0.369664
0.462000 0.370317
0.462100 0.370970
0.462200 0.371621
0.462300 0.372272
0.462400 0.372923
0.462500 0.373572
0.462600 0.374221
0.462700 0.374869
0.462800 0.375516
0.462900 0.376163
0.463000 0.376808
0.463100 0.377453
0.463200 0.378098
0.463300 0.378741
0.463400 0.379384
0.463500 0.380026
0.463600 0.380667
0.463700 0.381307
0.463800 0.381947
0.463900 0.382586
0.464000 0.383224
0.464100 0.383861
0.464200 0.384497
0.464300 0.385132
0.464400 0.385767
0.464500 0.386401
0.464600 0.387034
0.464700 0.387666
0.464800 0.388298
0.464900 0.388928
0.465000 0.389558
0.465100 0.390186
0.465200 0.390814
0.465300 0.391441
0.465400 0.392068
0.465500 0.392693
0.465600 0.393317
0.465700 0.393941
0.465800 0.394563
0.465900 0.395185
0.466000 0.395806
0.466100 0.396426
0.466200 0.397045
0.466300 0.397663
0.466400 0.398280
0.466500 0.398896
0.466600 0.399512
0.466700 0.400126
0.466800 0.400739
0.466900 0.401352
0.467000 0.401963
0.467100 0.402574
0.467200 0.403184
0.467300 0.403792
0.467400 0.404400
0.467500 0.405007
0.467600 0.405612
0.467700 0.406217
0.467800 0.406821
0.467900 0.407424
0.468000 0.408025
0.468100 0.408626
0.468200 0.409226
0.468300 0.409825
0.468400 0.410422
0.468500 0.411019
0.468600 0.411615
0.468700 0.412209
0.468800 0.412803
0.468900 0.413395
0.469000 0.413987
0.469100 0.414577
0.469200 0.415167
0.469300 0.415755
0.469400 0.416342
0.469500 0.416928
0.469600 0.417514
0.469700 0.418098
0.469800 0.418681
0.469900 0.419263
0.470000 0.419843
0.470100 0.420423
0.470200 0.421002
0.470300 0.421579
0.470400 0.422155
0.470500 0.422731
0.470600 0.423305
0.470700 0.423878
0.470800 0.424450
0.470900 0.425021
0.471000 0.425590
0.471100 0.426159
0.471200 0.426726
0.471300 0.427292
0.471400 0.427857
0.471500 0.428421
0.471600 0.428984
0.471700 0.429545
0.471800 0.430106
0.471900 0.430665
0.472000 0.431223
0.472100 0.431780
0.472200 0.432335
0.472300 0.432890
0.472400 0.433443
0.472500 0.433995
0.472600 0.434546
0.472700 0.435095
0.472800 0.435644
0.472900 0.436191
0.473000 0.436737
0.473100 0.437282
0.473200 0.437825
0.473300 0.438367
0.473400 0.438908
0.473500 0.439448
0.473600 0.439987
0.473700 0.440524
0.473800 0.441060
0.473900 0.441595
0.474000 0.442128
0.474100 0.442660
0.474200 0.443191
0.474300 0.443721
0.474400 0.444249
0.474500 0.444776
0.474600 0.445302
0.474700 0.445827
0.474800 0.446350
0.474900 0.446872
0.475000 0.447392
0.475100 0.447912
0.475200 0.448430
0.475300 0.448946
0.475400 0.449462
0.475500 0.449976
0.475600 0.450488
0.475700 0.451000
0.475800 0.451509
0.475900 0.452018
0.476000 0.452525
0.476100 0.453031
0.476200 0.453536
0.476300 0.454039
0.476400 0.454541
0.476500 0.455041
0.476600 0.455540
0.476700 0.456038
0.476800 0.456535
0.476900 0.457030
0.477000 0.457523
0.477100 0.458015
0.477200 0.458506
0.477300 0.458995
0.477400 0.459483
0.477500 0.459970
0.477600 0.460455
0.477700 0.460939
0.477800 0.461421
0.477900 0.461902
0.478000 0.462382
0.478100 0.462860
0.478200 0.463336
0.478300 0.463811
0.478400 0.464285
0.478500 0.464758
0.478600 0.465228
0.478700 0.465698
0.478800 0.466166
0.478900 0.466632
0.479000 0.467097
0.479100 0.467561
0.479200 0.468023
0.479300 0.468483
0.479400 0.468943
0.479500 0.469400
0.479600 0.469856
0.479700 0.470311
0.479800 0.470764
0.479900 0.471216
0.480000 0.471666
0.480100 0.472115
0.480200 0.472562
0.480300 0.473008
0.480400 0.473452
0.480500 0.473894
0.480600 0.474335
0.480700 0.474775
0.480800 0.475213
0.480900 0.475650
0.481000 0.476085
0.481100 0.476518
0.481200 0.476950
0.481300 0.477380
0.481400 0.477809
0.481500 0.478237
0.481600 0.478662
0.481700 0.479086
0.481800 0.479509
0.481900 0.479930
0.482000 0.480350
0.482100 0.480767
0.482200 0.481184
0.482300 0.481599
0.482400 0.482012
0.482500 0.482423
0.482600 0.482833
0.482700 0.483242
0.482800 0.483649
0.482900 0.484054
0.483000 0.484457
0.483100 0.484859
0.483200 0.485260
0.483300 0.485659
0.483400 0.486056
0.483500 0.486451
0.483600 0.486845
0.483700 0.487238
0.483800 0.487628
0.483900 0.488018
0.484000 0.488405
0.484100 0.488791
0.484200 0.489175
0.484300 0.489558
0.484400 0.489938
0.484500 0.490318
0.484600 0.490695
0.484700 0.491071
0.484800 0.491446
0.484900 0.491818
0.485000 0.492189
0.485100 0.492558
0.485200 0.492926
0.485300 0.493292
0.485400 0.493656
0.485500 0.494019
0.485600 0.494380
0.485700 0.494739
0.485800 0.495097
0.485900 0.495453
0.486000 0.495807
0.486100 0.496160
0.486200 0.496510
0.486300 0.496859
0.486400 0.497207
0.486500 0.497553
0.486600 0.497897
0.486700 0.498239
0.486800 0.498580
0.486900 0.498918
0.487000 0.499256
0.487100 0.499591
0.487200 0.499925
0.487300 0.500257
0.487400 0.500587
0.487500 0.500916
0.487600 0.501242
0.487700 0.501568
0.487800 0.501891
0.487900 0.502213
0.488000 0.502532
0.488100 0.502851
0.488200 0.503167
0.488300 0.503482
0.488400 0.503794
0.488500 0.504106
0.488600 0.504415
0.488700 0.504722
0.488800 0.505028
0.488900 0.505332
0.489000 0.505635
0.489100 0.505935
0.489200 0.506234
0.489300 0.506531
0.489400 0.506826
0.489500 0.507120
0.489600 0.507411
0.489700 0.507701
0.489800 0.507989
0.489900 0.508276
0.490000 0.508560
0.490100 0.508843
0.490200 0.509124
0.490300 0.509403
0.490400 0.509680
0.490500 0.509956
0.490600 0.510230
0.490700 0.510501
0.490800 0.510772
0.490900 0.511040
0.491000 0.511306
0.491100 0.511571
0.491200 0.511834
0.491300 0.512095
0.491400 0.512354
0.491500 0.512612
0.491600 0.512867
0.491700 0.513121
0.491800 0.513373
0.491900 0.513623
0.492000 0.513871
0.492100 0.514118
0.492200 0.514362
0.492300 0.514605
0.492400 0.514846
0.492500 0.515085
0.492600 0.515322
0.492700 0.515558
0.492800 0.515791
0.492900 0.516023
0.493000 0.516253
0.493100 0.516481
0.493200 0.516707
0.493300 0.516931
0.493400 0.517154
0.493500 0.517374
0.493600 0.517593
0.493700 0.517810
0.493800 0.518025
0.493900 0.518238
0.494000 0.518449
0.494100 0.518659
0.494200 0.518866
0.494300 0.519072
0.494400 0.519275
0.494500 0.519477
0.494600 0.519677
0.494700 0.519876
0.494800 0.520072
0.494900 0.520266
0.495000 0.520459
0.495100 0.520649
0.495200 0.520838
0.495300 0.521025
0.495400 0.521210
0.495500 0.521393
0.495600 0.521574
0.495700 0.521753
0.495800 0.521931
0.495900 0.522106
0.496000 0.522280
0.496100 0.522451
0.496200 0.522621
0.496300 0.522789
0.496400 0.522955
0.496500 0.523119
0.496600 0.523281
0.496700 0.523441
0.496800 0.523600
0.496900 0.523756
0.497000 0.523911
0.497100 0.524063
0.497200 0.524214
0.497300 0.524363
0.497400 0.524509
0.497500 0.524654
0.497600 0.524797
0.497700 0.524939
0.497800 0.525078
0.497900 0.525215
0.498000 0.525350
0.498100 0.525484
0.498200 0.525615
0.498300 0.525745
0.498400 0.525872
0.498500 0.525998
0.498600 0.526122
0.498700 0.526244
0.498800 0.526364
0.498900 0.526482
0.499000 0.526598
0.499100 0.526712
0.499200 0.526824
0.499300 0.526934
0.499400 0.527043
0.499500 0.527149
0.499600 0.527253
0.499700 0.527356
0.499800 0.527457
0.499900 0.527555
0.500000 0.527652
