0.000000 0.280000
0.000100 0.280550
0.000200 0.281100
0.000300 0.281650
0.000400 0.282200
0.000500 0.282750
0.000600 0.283300
0.000700 0.283850
0.000800 0.284400
0.000900 0.284950
0.001000 0.285500
0.001100 0.286049
0.001200 0.286599
0.001300 0.287149
0.001400 0.287699
0.001500 0.288249
0.001600 0.288798
0.001700 0.289348
0.001800 0.289897
0.001900 0.290447
0.002000 0.290996
0.002100 0.291546
0.002200 0.292095
0.002300 0.292645
0.002400 0.293194
0.002500 0.293743
0.002600 0.294292
0.002700 0.294841
0.002800 0.295390
0.002900 0.295939
0.003000 0.296488
0.003100 0.297037
0.003200 0.297585
0.003300 0.298134
0.003400 0.298683
0.003500 0.299231
0.003600 0.299779
0.003700 0.300328
0.003800 0.300876
0.003900 0.301424
0.004000 0.301972
0.004100 0.302519
0.004200 0.303067
0.004300 0.303615
0.004400 0.304162
0.004500 0.304710
0.004600 0.305257
0.004700 0.305804
0.004800 0.306351
0.004900 0.306898
0.005000 0.307445
0.005100 0.307991
0.005200 0.308538
0.005300 0.309084
0.005400 0.309630
0.005500 0.310176
0.005600 0.310722
0.005700 0.311268
0.005800 0.311814
0.005900 0.312359
0.006000 0.312904
0.006100 0.313449
0.006200 0.313994
0.006300 0.314539
0.006400 0.315084
0.006500 0.315628
0.006600 0.316173
0.006700 0.316717
0.006800 0.317261
0.006900 0.317804
0.007000 0.318348
0.007100 0.318891
0.007200 0.319435
0.007300 0.319978
0.007400 0.320520
0.007500 0.321063
0.007600 0.321606
0.007700 0.322148
0.007800 0.322690
0.007900 0.323232
0.008000 0.323773
0.008100 0.324315
0.008200 0.324856
0.008300 0.325397
0.008400 0.325937
0.008500 0.326478
0.008600 0.327018
0.008700 0.327558
0.008800 0.328098
0.008900 0.328638
0.009000 0.329177
0.009100 0.329716
0.009200 0.330255
0.009300 0.330794
0.009400 0.331332
0.009500 0.331870
0.009600 0.332408
0.009700 0.332946
0.009800 0.333483
0.009900 0.334021
0.010000 0.334557
0.010100 0.335094
0.010200 0.335630
0.010300 0.336166
0.010400 0.336702
0.010500 0.337238
0.010600 0.337773
0.010700 0.338308
0.010800 0.338843
0.010900 0.339377
0.011000 0.339911
0.011100 0.340445
0.011200 0.340979
0.011300 0.341512
0.011400 0.342045
0.011500 0.342577
0.011600 0.343110
0.011700 0.343642
0.011800 0.344173
0.011900 0.344705
0.012000 0.345236
0.012100 0.345767
0.012200 0.346297
0.012300 0.346827
0.012400 0.347357
0.012500 0.347887
0.012600 0.348416
0.012700 0.348945
0.012800 0.349473
0.012900 0.350001
0.013000 0.350529
0.013100 0.351057
0.013200 0.351584
0.013300 0.352111
0.013400 0.352637
0.013500 0.353163
0.013600 0.353689
0.013700 0.354214
0.013800 0.354739
0.013900 0.355264
0.014000 0.355788
0.014100 0.356312
0.014200 0.356836
0.014300 0.357359
0.014400 0.357882
0.014500 0.358404
0.014600 0.358926
0.014700 0.359448
0.014800 0.359969
0.014900 0.360490
0.015000 0.361011
0.015100 0.361531
0.015200 0.362051
0.015300 0.362570
0.015400 0.363089
0.015500 0.363607
0.015600 0.364126
0.015700 0.364643
0.015800 0.365161
0.015900 0.365677
0.016000 0.366194
0.016100 0.366710
0.016200 0.367226
0.016300 0.367741
0.016400 0.368256
0.016500 0.368770
0.016600 0.369284
0.016700 0.369798
0.016800 0.370311
0.016900 0.370823
0.017000 0.371335
0.017100 0.371847
0.017200 0.372359
0.017300 0.372869
0.017400 0.373380
0.017500 0.373890
0.017600 0.374399
0.017700 0.374908
0.017800 0.375417
0.017900 0.375925
0.018000 0.376433
0.018100 0.376940
0.018200 0.377447
0.018300 0.377953
0.018400 0.378459
0.018500 0.378964
0.018600 0.379469
0.018700 0.379973
0.018800 0.380477
0.018900 0.380980
0.019000 0.381483
0.019100 0.381986
0.019200 0.382488
0.019300 0.382989
0.019400 0.383490
0.019500 0.383990
0.019600 0.384490
0.019700 0.384990
0.019800 0.385489
0.019900 0.385987
0.020000 0.386485
0.020100 0.386982
0.020200 0.387479
0.020300 0.387975
0.020400 0.388471
0.020500 0.388966
0.020600 0.389461
0.020700 0.389955
0.020800 0.390449
0.020900 0.390942
0.021000 0.391435
0.021100 0.391927
0.021200 0.392418
0.021300 0.392909
0.021400 0.393400
0.021500 0.393890
0.021600 0.394379
0.021700 0.394868
0.021800 0.395356
0.021900 0.395844
0.022000 0.396331
0.022100 0.396817
0.022200 0.397303
0.022300 0.397789
0.022400 0.398274
0.022500 0.398758
0.022600 0.399242
0.022700 0.399725
0.022800 0.400207
0.022900 0.400689
0.023000 0.401171
0.023100 0.401651
0.023200 0.402132
0.023300 0.402611
0.023400 0.403090
0.023500 0.403569
0.023600 0.404046
0.023700 0.404524
0.023800 0.405000
0.023900 0.405476
0.024000 0.405952
0.024100 0.406426
0.024200 0.406901
0.024300 0.407374
0.024400 0.407847
0.024500 0.408320
0.024600 0.408791
0.024700 0.409262
0.024800 0.409733
0.024900 0.410203
0.025000 0.410672
0.025100 0.411140
0.025200 0.411608
0.025300 0.412076
0.025400 0.412542
0.025500 0.413008
0.025600 0.413474
0.025700 0.413938
0.025800 0.414402
0.025900 0.414866
0.026000 0.415329
0.026100 0.415791
0.026200 0.416252
0.026300 0.416713
0.026400 0.417173
0.026500 0.417633
0.026600 0.418092
0.026700 0.418550
0.026800 0.419007
0.026900 0.419464
0.027000 0.419920
0.027100 0.420376
0.027200 0.420830
0.027300 0.421284
0.027400 0.421738
0.027500 0.422191
0.027600 0.422643
0.027700 0.423094
0.027800 0.423545
0.027900 0.423994
0.028000 0.424444
0.028100 0.424892
0.028200 0.425340
0.028300 0.425787
0.028400 0.426234
0.028500 0.426680
0.028600 0.427125
0.028700 0.427569
0.028800 0.428012
0.028900 0.428455
0.029000 0.428898
0.029100 0.429339
0.029200 0.429780
0.029300 0.430220
0.029400 0.430659
0.029500 0.431098
0.029600 0.431535
0.029700 0.431972
0.029800 0.432409
0.029900 0.432844
0.030000 0.433279
0.030100 0.433713
0.030200 0.434147
0.030300 0.434579
0.030400 0.435011
0.030500 0.435442
0.030600 0.435873
0.030700 0.436302
0.030800 0.436731
0.030900 0.437159
0.031000 0.437587
0.031100 0.438013
0.031200 0.438439
0.031300 0.438864
0.031400 0.439288
0.031500 0.439712
0.031600 0.440135
0.031700 0.440557
0.031800 0.440978
0.031900 0.441398
0.032000 0.441818
0.032100 0.442237
0.032200 0.442655
0.032300 0.443072
0.032400 0.443489
0.032500 0.443904
0.032600 0.444319
0.032700 0.444733
0.032800 0.445147
0.032900 0.445559
0.033000 0.445971
0.033100 0.446382
0.033200 0.446792
0.033300 0.447201
0.033400 0.447610
0.033500 0.448017
0.033600 0.448424
0.033700 0.448830
0.033800 0.449236
0.033900 0.449640
0.034000 0.450044
0.034100 0.450446
0.034200 0.450848
0.034300 0.451249
0.034400 0.451650
0.034500 0.452049
0.034600 0.452448
0.034700 0.452845
0.034800 0.453242
0.034900 0.453639
0.035000 0.454034
0.035100 0.454428
0.035200 0.454822
0.035300 0.455215
0.035400 0.455606
0.035500 0.455997
0.035600 0.456388
0.035700 0.456777
0.035800 0.457165
0.035900 0.457553
0.036000 0.457940
0.036100 0.458326
0.036200 0.458711
0.036300 0.459095
0.036400 0.459478
0.036500 0.459861
0.036600 0.460242
0.036700 0.460623
0.036800 0.461003
0.036900 0.461382
0.037000 0.461760
0.037100 0.462137
0.037200 0.462513
0.037300 0.462889
0.037400 0.463263
0.037500 0.463637
0.037600 0.464010
0.037700 0.464382
0.037800 0.464753
0.037900 0.465123
0.038000 0.465492
0.038100 0.465860
0.038200 0.466228
0.038300 0.466594
0.038400 0.466960
0.038500 0.467324
0.038600 0.467688
0.038700 0.468051
0.038800 0.468413
0.038900 0.468774
0.039000 0.469134
0.039100 0.469493
0.039200 0.469852
0.039300 0.470209
0.039400 0.470565
0.039500 0.470921
0.039600 0.471276
0.039700 0.471629
0.039800 0.471982
0.039900 0.472334
0.040000 0.472685
0.040100 0.473035
0.040200 0.473384
0.040300 0.473732
0.040400 0.474079
0.040500 0.474425
0.040600 0.474770
0.040700 0.475115
0.040800 0.475458
0.040900 0.475801
0.041000 0.476142
0.041100 0.476483
0.041200 0.476822
0.041300 0.477161
0.041400 0.477499
0.041500 0.477835
0.041600 0.478171
0.041700 0.478506
0.041800 0.478840
0.041900 0.479173
0.042000 0.479505
0.042100 0.479836
0.042200 0.480166
0.042300 0.480495
0.042400 0.480823
0.042500 0.481150
0.042600 0.481476
0.042700 0.481801
0.042800 0.482125
0.042900 0.482448
0.043000 0.482771
0.043100 0.483092
0.043200 0.483412
0.043300 0.483731
0.043400 0.484050
0.043500 0.484367
0.043600 0.484683
0.043700 0.484998
0.043800 0.485313
0.043900 0.485626
0.044000 0.485938
0.044100 0.486250
0.044200 0.486560
0.044300 0.486869
0.044400 0.487178
0.044500 0.487485
0.044600 0.487791
0.044700 0.488097
0.044800 0.488401
0.044900 0.488704
0.045000 0.489006
0.045100 0.489308
0.045200 0.489608
0.045300 0.489907
0.045400 0.490206
0.045500 0.490503
0.045600 0.490799
0.045700 0.491094
0.045800 0.491388
0.045900 0.491681
0.046000 0.491973
0.046100 0.492265
0.046200 0.492555
0.046300 0.492844
0.046400 0.493132
0.046500 0.493419
0.046600 0.493704
0.046700 0.493989
0.046800 0.494273
0.046900 0.494556
0.047000 0.494838
0.047100 0.495119
0.047200 0.495398
0.047300 0.495677
0.047400 0.495955
0.047500 0.496231
0.047600 0.496507
0.047700 0.496781
0.047800 0.497055
0.047900 0.497327
0.048000 0.497598
0.048100 0.497869
0.048200 0.498138
0.048300 0.498406
0.048400 0.498673
0.048500 0.498939
0.048600 0.499204
0.048700 0.499468
0.048800 0.499731
0.048900 0.499993
0.049000 0.500253
0.049100 0.500513
0.049200 0.500772
0.049300 0.501029
0.049400 0.501286
0.049500 0.501541
0.049600 0.501795
0.049700 0.502049
0.049800 0.502301
0.049900 0.502552
0.050000 0.502802
0.050100 0.503051
0.050200 0.503299
0.050300 0.503545
0.050400 0.503791
0.050500 0.504036
0.050600 0.504279
0.050700 0.504522
0.050800 0.504763
0.050900 0.505003
0.051000 0.505243
0.051100 0.505481
0.051200 0.505718
0.051300 0.505953
0.051400 0.506188
0.051500 0.506422
0.051600 0.506655
0.051700 0.506886
0.051800 0.507117
0.051900 0.507346
0.052000 0.507574
0.052100 0.507801
0.052200 0.508027
0.052300 0.508252
0.052400 0.508476
0.052500 0.508699
0.052600 0.508920
0.052700 0.509141
0.052800 0.509360
0.052900 0.509578
0.053000 0.509796
0.053100 0.510012
0.053200 0.510227
0.053300 0.510440
0.053400 0.510653
0.053500 0.510865
0.053600 0.511075
0.053700 0.511285
0.053800 0.511493
0.053900 0.511700
0.054000 0.511906
0.054100 0.512111
0.054200 0.512315
0.054300 0.512517
0.054400 0.512719
0.054500 0.512919
0.054600 0.513118
0.054700 0.513316
0.054800 0.513513
0.054900 0.513709
0.055000 0.513904
0.055100 0.514098
0.055200 0.514290
0.055300 0.514481
0.055400 0.514672
0.055500 0.514861
0.055600 0.515049
0.055700 0.515235
0.055800 0.515421
0.055900 0.515605
0.056000 0.515789
0.056100 0.515971
0.056200 0.516152
0.056300 0.516332
0.056400 0.516511
0.056500 0.516689
0.056600 0.516865
0.056700 0.517040
0.056800 0.517215
0.056900 0.517388
0.057000 0.517560
0.057100 0.517730
0.057200 0.517900
0.057300 0.518068
0.057400 0.518236
0.057500 0.518402
0.057600 0.518567
0.057700 0.518731
0.057800 0.518893
0.057900 0.519055
0.058000 0.519215
0.058100 0.519375
0.058200 0.519533
0.058300 0.519690
0.058400 0.519845
0.058500 0.520000
0.058600 0.520153
0.058700 0.520306
0.058800 0.520457
0.058900 0.520607
0.059000 0.520755
0.059100 0.520903
0.059200 0.521049
0.059300 0.521195
0.059400 0.521339
0.059500 0.521482
0.059600 0.521623
0.059700 0.521764
0.059800 0.521903
0.059900 0.522042
0.060000 0.522179
0.060100 0.522315
0.060200 0.522449
0.060300 0.522583
0.060400 0.522715
0.060500 0.522847
0.060600 0.522977
0.060700 0.523105
0.060800 0.523233
0.060900 0.523360
0.061000 0.523485
0.061100 0.523609
0.061200 0.523732
0.061300 0.523854
0.061400 0.523975
0.061500 0.524094
0.061600 0.524212
0.061700 0.524329
0.061800 0.524445
0.061900 0.524560
0.062000 0.524673
0.062100 0.524786
0.062200 0.524897
0.062300 0.525007
0.062400 0.525116
0.062500 0.525223
0.062600 0.525330
0.062700 0.525435
0.062800 0.525539
0.062900 0.525642
0.063000 0.525743
0.063100 0.525844
0.063200 0.525943
0.063300 0.526041
0.063400 0.526138
0.063500 0.526234
0.063600 0.526328
0.063700 0.526422
0.063800 0.526514
0.063900 0.526605
0.064000 0.526694
0.064100 0.526783
0.064200 0.526870
0.064300 0.526957
0.064400 0.527041
0.064500 0.527125
0.064600 0.527208
0.064700 0.527289
0.064800 0.527369
0.064900 0.527448
0.065000 0.527526
0.065100 0.527603
0.065200 0.527678
0.065300 0.527752
0.065400 0.527825
0.065500 0.527897
0.065600 0.527968
0.065700 0.528037
0.065800 0.528105
0.065900 0.528172
0.066000 0.528238
0.066100 0.528303
0.066200 0.528366
0.066300 0.528428
0.066400 0.528489
0.066500 0.528549
0.066600 0.528607
0.066700 0.528665
0.066800 0.528721
0.066900 0.528776
0.067000 0.528830
0.067100 0.528882
0.067200 0.528934
0.067300 0.528984
0.067400 0.529033
0.067500 0.529080
0.067600 0.529127
0.067700 0.529172
0.067800 0.529216
0.067900 0.529259
0.068000 0.529301
0.068100 0.529342
0.068200 0.529381
0.068300 0.529419
0.068400 0.529456
0.068500 0.529491
0.068600 0.529526
0.068700 0.529559
0.068800 0.529591
0.068900 0.529622
0.069000 0.529652
0.069100 0.529680
0.069200 0.529707
0.069300 0.529733
0.069400 0.529758
0.069500 0.529782
0.069600 0.529804
0.069700 0.529825
0.069800 0.529845
0.069900 0.529864
0.070000 0.529881
0.070100 0.529898
0.070200 0.529913
0.070300 0.529927
0.070400 0.529940
0.070500 0.529951
0.070600 0.529961
0.070700 0.529970
0.070800 0.529978
0.070900 0.529985
0.071000 0.529990
0.071100 0.529995
0.071200 0.529998
0.071300 0.529999
0.071400 0.530000
0.071500 0.529999
0.071600 0.529998
0.071700 0.529995
0.071800 0.529990
0.071900 0.529985
0.072000 0.529978
0.072100 0.529970
0.072200 0.529961
0.072300 0.529951
0.072400 0.529939
0.072500 0.529927
0.072600 0.529913
0.072700 0.529898
0.072800 0.529881
0.072900 0.529864
0.073000 0.529845
0.073100 0.529825
0.073200 0.529804
0.073300 0.529782
0.073400 0.529758
0.073500 0.529733
0.073600 0.529707
0.073700 0.529680
0.073800 0.529652
0.073900 0.529622
0.074000 0.529591
0.074100 0.529559
0.074200 0.529526
0.074300 0.529491
0.074400 0.529456
0.074500 0.529419
0.074600 0.529381
0.074700 0.529341
0.074800 0.529301
0.074900 0.529259
0.075000 0.529216
0.075100 0.529172
0.075200 0.529127
0.075300 0.529080
0.075400 0.529033
0.075500 0.528984
0.075600 0.528933
0.075700 0.528882
0.075800 0.528830
0.075900 0.528776
0.076000 0.528721
0.076100 0.528665
0.076200 0.528607
0.076300 0.528549
0.076400 0.528489
0.076500 0.528428
0.076600 0.528366
0.076700 0.528302
0.076800 0.528238
0.076900 0.528172
0.077000 0.528105
0.077100 0.528037
0.077200 0.527967
0.077300 0.527897
0.077400 0.527825
0.077500 0.527752
0.077600 0.527678
0.077700 0.527602
0.077800 0.527526
0.077900 0.527448
0.078000 0.527369
0.078100 0.527289
0.078200 0.527208
0.078300 0.527125
0.078400 0.527041
0.078500 0.526956
0.078600 0.526870
0.078700 0.526783
0.078800 0.526694
0.078900 0.526604
0.079000 0.526514
0.079100 0.526421
0.079200 0.526328
0.079300 0.526234
0.079400 0.526138
0.079500 0.526041
0.079600 0.525943
0.079700 0.525844
0.079800 0.525743
0.079900 0.525641
0.080000 0.525539
0.080100 0.525435
0.080200 0.525329
0.080300 0.525223
0.080400 0.525115
0.080500 0.525007
0.080600 0.524897
0.080700 0.524785
0.080800 0.524673
0.080900 0.524560
0.081000 0.524445
0.081100 0.524329
0.081200 0.524212
0.081300 0.524094
0.081400 0.523974
0.081500 0.523854
0.081600 0.523732
0.081700 0.523609
0.081800 0.523485
0.081900 0.523359
0.082000 0.523233
0.082100 0.523105
0.082200 0.522976
0.082300 0.522846
0.082400 0.522715
0.082500 0.522583
0.082600 0.522449
0.082700 0.522314
0.082800 0.522178
0.082900 0.522041
0.083000 0.521903
0.083100 0.521764
0.083200 0.521623
0.083300 0.521481
0.083400 0.521338
0.083500 0.521194
0.083600 0.521049
0.083700 0.520902
0.083800 0.520755
0.083900 0.520606
0.084000 0.520456
0.084100 0.520305
0.084200 0.520153
0.084300 0.519999
0.084400 0.519845
0.084500 0.519689
0.084600 0.519532
0.084700 0.519374
0.084800 0.519215
0.084900 0.519054
0.085000 0.518893
0.085100 0.518730
0.085200 0.518566
0.085300 0.518401
0.085400 0.518235
0.085500 0.518068
0.085600 0.517899
0.085700 0.517730
0.085800 0.517559
0.085900 0.517387
0.086000 0.517214
0.086100 0.517040
0.086200 0.516864
0.086300 0.516688
0.086400 0.516510
0.086500 0.516331
0.086600 0.516152
0.086700 0.515970
0.086800 0.515788
0.086900 0.515605
0.087000 0.515420
0.087100 0.515235
0.087200 0.515048
0.087300 0.514860
0.087400 0.514671
0.087500 0.514481
0.087600 0.514289
0.087700 0.514097
0.087800 0.513903
0.087900 0.513709
0.088000 0.513513
0.088100 0.513316
0.088200 0.513118
0.088300 0.512918
0.088400 0.512718
0.088500 0.512517
0.088600 0.512314
0.088700 0.512110
0.088800 0.511905
0.088900 0.511699
0.089000 0.511492
0.089100 0.511284
0.089200 0.511075
0.089300 0.510864
0.089400 0.510652
0.089500 0.510440
0.089600 0.510226
0.089700 0.510011
0.089800 0.509795
0.089900 0.509578
0.090000 0.509359
0.090100 0.509140
0.090200 0.508920
0.090300 0.508698
0.090400 0.508475
0.090500 0.508251
0.090600 0.508027
0.090700 0.507801
0.090800 0.507573
0.090900 0.507345
0.091000 0.507116
0.091100 0.506885
0.091200 0.506654
0.091300 0.506421
0.091400 0.506188
0.091500 0.505953
0.091600 0.505717
0.091700 0.505480
0.091800 0.505242
0.091900 0.505003
0.092000 0.504762
0.092100 0.504521
0.092200 0.504278
0.092300 0.504035
0.092400 0.503790
0.092500 0.503545
0.092600 0.503298
0.092700 0.503050
0.092800 0.502801
0.092900 0.502551
0.093000 0.502300
0.093100 0.502048
0.093200 0.501794
0.093300 0.501540
0.093400 0.501285
0.093500 0.501028
0.093600 0.500771
0.093700 0.500512
0.093800 0.500252
0.093900 0.499992
0.094000 0.499730
0.094100 0.499467
0.094200 0.499203
0.094300 0.498938
0.094400 0.498672
0.094500 0.498405
0.094600 0.498137
0.094700 0.497868
0.094800 0.497597
0.094900 0.497326
0.095000 0.497054
0.095100 0.496780
0.095200 0.496506
0.095300 0.496230
0.095400 0.495954
0.095500 0.495676
0.095600 0.495397
0.095700 0.495118
0.095800 0.494837
0.095900 0.494555
0.096000 0.494272
0.096100 0.493988
0.096200 0.493704
0.096300 0.493418
0.096400 0.493131
0.096500 0.492843
0.096600 0.492554
0.096700 0.492264
0.096800 0.491972
0.096900 0.491680
0.097000 0.491387
0.097100 0.491093
0.097200 0.490798
0.097300 0.490502
0.097400 0.490205
0.097500 0.489906
0.097600 0.489607
0.097700 0.489307
0.097800 0.489005
0.097900 0.488703
0.098000 0.488400
0.098100 0.488096
0.098200 0.487790
0.098300 0.487484
0.098400 0.487177
0.098500 0.486868
0.098600 0.486559
0.098700 0.486249
0.098800 0.485937
0.098900 0.485625
0.099000 0.485312
0.099100 0.484997
0.099200 0.484682
0.099300 0.484366
0.099400 0.484048
0.099500 0.483730
0.099600 0.483411
0.099700 0.483091
0.099800 0.482769
0.099900 0.482447
0.100000 0.482124
0.100100 0.481800
0.100200 0.481475
0.100300 0.481149
0.100400 0.480822
0.100500 0.480494
0.100600 0.480164
0.100700 0.479834
0.100800 0.479504
0.100900 0.479172
0.101000 0.478839
0.101100 0.478505
0.101200 0.478170
0.101300 0.477834
0.101400 0.477497
0.101500 0.477160
0.101600 0.476821
0.101700 0.476482
0.101800 0.476141
0.101900 0.475800
0.102000 0.475457
0.102100 0.475114
0.102200 0.474769
0.102300 0.474424
0.102400 0.474078
0.102500 0.473731
0.102600 0.473383
0.102700 0.473034
0.102800 0.472684
0.102900 0.472333
0.103000 0.471981
0.103100 0.471628
0.103200 0.471274
0.103300 0.470920
0.103400 0.470564
0.103500 0.470208
0.103600 0.469850
0.103700 0.469492
0.103800 0.469133
0.103900 0.468773
0.104000 0.468412
0.104100 0.468050
0.104200 0.467687
0.104300 0.467323
0.104400 0.466958
0.104500 0.466593
0.104600 0.466226
0.104700 0.465859
0.104800 0.465491
0.104900 0.465121
0.105000 0.464751
0.105100 0.464380
0.105200 0.464008
0.105300 0.463636
0.105400 0.463262
0.105500 0.462888
0.105600 0.462512
0.105700 0.462136
0.105800 0.461759
0.105900 0.461381
0.106000 0.461002
0.106100 0.460622
0.106200 0.460241
0.106300 0.459859
0.106400 0.459477
0.106500 0.459094
0.106600 0.458710
0.106700 0.458324
0.106800 0.457939
0.106900 0.457552
0.107000 0.457164
0.107100 0.456776
0.107200 0.456386
0.107300 0.455996
0.107400 0.455605
0.107500 0.455213
0.107600 0.454821
0.107700 0.454427
0.107800 0.454032
0.107900 0.453637
0.108000 0.453241
0.108100 0.452844
0.108200 0.452446
0.108300 0.452048
0.108400 0.451648
0.108500 0.451248
0.108600 0.450847
0.108700 0.450445
0.108800 0.450042
0.108900 0.449639
0.109000 0.449234
0.109100 0.448829
0.109200 0.448423
0.109300 0.448016
0.109400 0.447608
0.109500 0.447200
0.109600 0.446791
0.109700 0.446380
0.109800 0.445970
0.109900 0.445558
0.110000 0.445145
0.110100 0.444732
0.110200 0.444318
0.110300 0.443903
0.110400 0.443487
0.110500 0.443071
0.110600 0.442653
0.110700 0.442235
0.110800 0.441817
0.110900 0.441397
0.111000 0.440977
0.111100 0.440555
0.111200 0.440133
0.111300 0.439711
0.111400 0.439287
0.111500 0.438863
0.111600 0.438438
0.111700 0.438012
0.111800 0.437585
0.111900 0.437158
0.112000 0.436730
0.112100 0.436301
0.112200 0.435871
0.112300 0.435441
0.112400 0.435010
0.112500 0.434578
0.112600 0.434145
0.112700 0.433712
0.112800 0.433278
0.112900 0.432843
0.113000 0.432407
0.113100 0.431971
0.113200 0.431534
0.113300 0.431096
0.113400 0.430657
0.113500 0.430218
0.113600 0.429778
0.113700 0.429337
0.113800 0.428896
0.113900 0.428454
0.114000 0.428011
0.114100 0.427567
0.114200 0.427123
0.114300 0.426678
0.114400 0.426232
0.114500 0.425786
0.114600 0.425339
0.114700 0.424891
0.114800 0.424442
0.114900 0.423993
0.115000 0.423543
0.115100 0.423092
0.115200 0.422641
0.115300 0.422189
0.115400 0.421736
0.115500 0.421283
0.115600 0.420829
0.115700 0.420374
0.115800 0.419919
0.115900 0.419462
0.116000 0.419006
0.116100 0.418548
0.116200 0.418090
0.116300 0.417631
0.116400 0.417172
0.116500 0.416712
0.116600 0.416251
0.116700 0.415789
0.116800 0.415327
0.116900 0.414864
0.117000 0.414401
0.117100 0.413937
0.117200 0.413472
0.117300 0.413007
0.117400 0.412541
0.117500 0.412074
0.117600 0.411607
0.117700 0.411139
0.117800 0.410670
0.117900 0.410201
0.118000 0.409731
0.118100 0.409261
0.118200 0.408790
0.118300 0.408318
0.118400 0.407846
0.118500 0.407373
0.118600 0.406899
0.118700 0.406425
0.118800 0.405950
0.118900 0.405475
0.119000 0.404999
0.119100 0.404522
0.119200 0.404045
0.119300 0.403567
0.119400 0.403089
0.119500 0.402610
0.119600 0.402130
0.119700 0.401650
0.119800 0.401169
0.119900 0.400688
0.120000 0.400206
0.120100 0.399723
0.120200 0.399240
0.120300 0.398756
0.120400 0.398272
0.120500 0.397787
0.120600 0.397302
0.120700 0.396816
0.120800 0.396329
0.120900 0.395842
0.121000 0.395354
0.121100 0.394866
0.121200 0.394377
0.121300 0.393888
0.121400 0.393398
0.121500 0.392908
0.121600 0.392417
0.121700 0.391925
0.121800 0.391433
0.121900 0.390941
0.122000 0.390447
0.122100 0.389954
0.122200 0.389460
0.122300 0.388965
0.122400 0.388470
0.122500 0.387974
0.122600 0.387477
0.122700 0.386981
0.122800 0.386483
0.122900 0.385985
0.123000 0.385487
0.123100 0.384988
0.123200 0.384489
0.123300 0.383989
0.123400 0.383488
0.123500 0.382987
0.123600 0.382486
0.123700 0.381984
0.123800 0.381482
0.123900 0.380979
0.124000 0.380475
0.124100 0.379972
0.124200 0.379467
0.124300 0.378962
0.124400 0.378457
0.124500 0.377951
0.124600 0.377445
0.124700 0.376938
0.124800 0.376431
0.124900 0.375923
0.125000 0.375415
0.125100 0.374907
0.125200 0.374398
0.125300 0.373888
0.125400 0.373378
0.125500 0.372868
0.125600 0.372357
0.125700 0.371846
0.125800 0.371334
0.125900 0.370822
0.126000 0.370309
0.126100 0.369796
0.126200 0.369282
0.126300 0.368768
0.126400 0.368254
0.126500 0.367739
0.126600 0.367224
0.126700 0.366708
0.126800 0.366192
0.126900 0.365676
0.127000 0.365159
0.127100 0.364642
0.127200 0.364124
0.127300 0.363606
0.127400 0.363087
0.127500 0.362568
0.127600 0.362049
0.127700 0.361529
0.127800 0.361009
0.127900 0.360488
0.128000 0.359968
0.128100 0.359446
0.128200 0.358925
0.128300 0.358403
0.128400 0.357880
0.128500 0.357357
0.128600 0.356834
0.128700 0.356311
0.128800 0.355787
0.128900 0.355262
0.129000 0.354738
0.129100 0.354213
0.129200 0.353687
0.129300 0.353161
0.129400 0.352635
0.129500 0.352109
0.129600 0.351582
0.129700 0.351055
0.129800 0.350527
0.129900 0.350000
0.130000 0.349471
0.130100 0.348943
0.130200 0.348414
0.130300 0.347885
0.130400 0.347355
0.130500 0.346826
0.130600 0.346295
0.130700 0.345765
0.130800 0.345234
0.130900 0.344703
0.131000 0.344172
0.131100 0.343640
0.131200 0.343108
0.131300 0.342576
0.131400 0.342043
0.131500 0.341510
0.131600 0.340977
0.131700 0.340443
0.131800 0.339909
0.131900 0.339375
0.132000 0.338841
0.132100 0.338306
0.132200 0.337771
0.132300 0.337236
0.132400 0.336700
0.132500 0.336165
0.132600 0.335629
0.132700 0.335092
0.132800 0.334556
0.132900 0.334019
0.133000 0.333482
0.133100 0.332944
0.133200 0.332407
0.133300 0.331869
0.133400 0.331330
0.133500 0.330792
0.133600 0.330253
0.133700 0.329715
0.133800 0.329175
0.133900 0.328636
0.134000 0.328096
0.134100 0.327557
0.134200 0.327017
0.134300 0.326476
0.134400 0.325936
0.134500 0.325395
0.134600 0.324854
0.134700 0.324313
0.134800 0.323771
0.134900 0.323230
0.135000 0.322688
0.135100 0.322146
0.135200 0.321604
0.135300 0.321061
0.135400 0.320519
0.135500 0.319976
0.135600 0.319433
0.135700 0.318890
0.135800 0.318346
0.135900 0.317803
0.136000 0.317259
0.136100 0.316715
0.136200 0.316171
0.136300 0.315626
0.136400 0.315082
0.136500 0.314537
0.136600 0.313993
0.136700 0.313448
0.136800 0.312902
0.136900 0.312357
0.137000 0.311812
0.137100 0.311266
0.137200 0.310720
0.137300 0.310174
0.137400 0.309628
0.137500 0.309082
0.137600 0.308536
0.137700 0.307989
0.137800 0.307443
0.137900 0.306896
0.138000 0.306349
0.138100 0.305802
0.138200 0.305255
0.138300 0.304708
0.138400 0.304160
0.138500 0.303613
0.138600 0.303065
0.138700 0.302518
0.138800 0.301970
0.138900 0.301422
0.139000 0.300874
0.139100 0.300326
0.139200 0.299777
0.139300 0.299229
0.139400 0.298681
0.139500 0.298132
0.139600 0.297584
0.139700 0.297035
0.139800 0.296486
0.139900 0.295937
0.140000 0.295388
0.140100 0.294839
0.140200 0.294290
0.140300 0.293741
0.140400 0.293192
0.140500 0.292643
0.140600 0.292093
0.140700 0.291544
0.140800 0.290995
0.140900 0.290445
0.141000 0.289896
0.141100 0.289346
0.141200 0.288796
0.141300 0.288247
0.141400 0.287697
0.141500 0.287147
0.141600 0.286597
0.141700 0.286048
0.141800 0.285498
0.141900 0.284948
0.142000 0.284398
0.142100 0.283848
0.142200 0.283298
0.142300 0.282748
0.142400 0.282198
0.142500 0.281648
0.142600 0.281098
0.142700 0.280548
0.142800 0.279998
0.142900 0.279448
0.143000 0.278898
0.143100 0.278348
0.143200 0.277798
0.143300 0.277248
0.143400 0.276698
0.143500 0.276148
0.143600 0.275598
0.143700 0.275048
0.143800 0.274499
0.143900 0.273949
0.144000 0.273399
0.144100 0.272849
0.144200 0.272299
0.144300 0.271750
0.144400 0.271200
0.144500 0.270650
0.144600 0.270101
0.144700 0.269551
0.144800 0.269002
0.144900 0.268452
0.145000 0.267903
0.145100 0.267354
0.145200 0.266804
0.145300 0.266255
0.145400 0.265706
0.145500 0.265157
0.145600 0.264608
0.145700 0.264059
0.145800 0.263510
0.145900 0.262961
0.146000 0.262413
0.146100 0.261864
0.146200 0.261316
0.146300 0.260767
0.146400 0.260219
0.146500 0.259671
0.146600 0.259123
0.146700 0.258574
0.146800 0.258027
0.146900 0.257479
0.147000 0.256931
0.147100 0.256383
0.147200 0.255836
0.147300 0.255289
0.147400 0.254741
0.147500 0.254194
0.147600 0.253647
0.147700 0.253100
0.147800 0.252554
0.147900 0.252007
0.148000 0.251461
0.148100 0.250914
0.148200 0.250368
0.148300 0.249822
0.148400 0.249276
0.148500 0.248730
0.148600 0.248185
0.148700 0.247639
0.148800 0.247094
0.148900 0.246549
0.149000 0.246004
0.149100 0.245459
0.149200 0.244914
0.149300 0.244370
0.149400 0.243826
0.149500 0.243281
0.149600 0.242738
0.149700 0.242194
0.149800 0.241650
0.149900 0.241107
0.150000 0.240564
0.150100 0.240021
0.150200 0.239478
0.150300 0.238935
0.150400 0.238393
0.150500 0.237850
0.150600 0.237308
0.150700 0.236767
0.150800 0.236225
0.150900 0.235684
0.151000 0.235142
0.151100 0.234601
0.151200 0.234061
0.151300 0.233520
0.151400 0.232980
0.151500 0.232440
0.151600 0.231900
0.151700 0.231360
0.151800 0.230821
0.151900 0.230282
0.152000 0.229743
0.152100 0.229204
0.152200 0.228666
0.152300 0.228128
0.152400 0.227590
0.152500 0.227052
0.152600 0.226515
0.152700 0.225978
0.152800 0.225441
0.152900 0.224904
0.153000 0.224368
0.153100 0.223832
0.153200 0.223296
0.153300 0.222760
0.153400 0.222225
0.153500 0.221690
0.153600 0.221156
0.153700 0.220621
0.153800 0.220087
0.153900 0.219553
0.154000 0.219020
0.154100 0.218486
0.154200 0.217953
0.154300 0.217421
0.154400 0.216888
0.154500 0.216356
0.154600 0.215825
0.154700 0.215293
0.154800 0.214762
0.154900 0.214231
0.155000 0.213701
0.155100 0.213171
0.155200 0.212641
0.155300 0.212111
0.155400 0.211582
0.155500 0.211053
0.155600 0.210525
0.155700 0.209997
0.155800 0.209469
0.155900 0.208942
0.156000 0.208414
0.156100 0.207888
0.156200 0.207361
0.156300 0.206835
0.156400 0.206309
0.156500 0.205784
0.156600 0.205259
0.156700 0.204734
0.156800 0.204210
0.156900 0.203686
0.157000 0.203162
0.157100 0.202639
0.157200 0.202116
0.157300 0.201594
0.157400 0.201072
0.157500 0.200550
0.157600 0.200029
0.157700 0.199508
0.157800 0.198988
0.157900 0.198467
0.158000 0.197948
0.158100 0.197428
0.158200 0.196909
0.158300 0.196391
0.158400 0.195873
0.158500 0.195355
0.158600 0.194838
0.158700 0.194321
0.158800 0.193804
0.158900 0.193288
0.159000 0.192773
0.159100 0.192257
0.159200 0.191743
0.159300 0.191228
0.159400 0.190714
0.159500 0.190201
0.159600 0.189688
0.159700 0.189175
0.159800 0.188663
0.159900 0.188151
0.160000 0.187640
0.160100 0.187129
0.160200 0.186618
0.160300 0.186109
0.160400 0.185599
0.160500 0.185090
0.160600 0.184581
0.160700 0.184073
0.160800 0.183566
0.160900 0.183058
0.161000 0.182552
0.161100 0.182045
0.161200 0.181540
0.161300 0.181034
0.161400 0.180529
0.161500 0.180025
0.161600 0.179521
0.161700 0.179018
0.161800 0.178515
0.161900 0.178013
0.162000 0.177511
0.162100 0.177009
0.162200 0.176508
0.162300 0.176008
0.162400 0.175508
0.162500 0.175009
0.162600 0.174510
0.162700 0.174011
0.162800 0.173513
0.162900 0.173016
0.163000 0.172519
0.163100 0.172023
0.163200 0.171527
0.163300 0.171032
0.163400 0.170537
0.163500 0.170043
0.163600 0.169549
0.163700 0.169056
0.163800 0.168564
0.163900 0.168071
0.164000 0.167580
0.164100 0.167089
0.164200 0.166599
0.164300 0.166109
0.164400 0.165619
0.164500 0.165131
0.164600 0.164642
0.164700 0.164155
0.164800 0.163668
0.164900 0.163181
0.165000 0.162695
0.165100 0.162210
0.165200 0.161725
0.165300 0.161240
0.165400 0.160757
0.165500 0.160274
0.165600 0.159791
0.165700 0.159309
0.165800 0.158828
0.165900 0.158347
0.166000 0.157867
0.166100 0.157387
0.166200 0.156908
0.166300 0.156430
0.166400 0.155952
0.166500 0.155475
0.166600 0.154998
0.166700 0.154522
0.166800 0.154047
0.166900 0.153572
0.167000 0.153098
0.167100 0.152624
0.167200 0.152151
0.167300 0.151679
0.167400 0.151207
0.167500 0.150736
0.167600 0.150266
0.167700 0.149796
0.167800 0.149327
0.167900 0.148858
0.168000 0.148390
0.168100 0.147923
0.168200 0.147456
0.168300 0.146990
0.168400 0.146525
0.168500 0.146060
0.168600 0.145596
0.168700 0.145133
0.168800 0.144670
0.168900 0.144208
0.169000 0.143746
0.169100 0.143285
0.169200 0.142825
0.169300 0.142366
0.169400 0.141907
0.169500 0.141449
0.169600 0.140991
0.169700 0.140535
0.169800 0.140078
0.169900 0.139623
0.170000 0.139168
0.170100 0.138714
0.170200 0.138261
0.170300 0.137808
0.170400 0.137356
0.170500 0.136905
0.170600 0.136454
0.170700 0.136004
0.170800 0.135555
0.170900 0.135106
0.171000 0.134658
0.171100 0.134211
0.171200 0.133765
0.171300 0.133319
0.171400 0.132874
0.171500 0.132430
0.171600 0.131986
0.171700 0.131543
0.171800 0.131101
0.171900 0.130660
0.172000 0.130219
0.172100 0.129779
0.172200 0.129340
0.172300 0.128901
0.172400 0.128463
0.172500 0.128026
0.172600 0.127590
0.172700 0.127154
0.172800 0.126719
0.172900 0.126285
0.173000 0.125852
0.173100 0.125419
0.173200 0.124987
0.173300 0.124556
0.173400 0.124126
0.173500 0.123696
0.173600 0.123267
0.173700 0.122839
0.173800 0.122412
0.173900 0.121985
0.174000 0.121559
0.174100 0.121134
0.174200 0.120710
0.174300 0.120287
0.174400 0.119864
0.174500 0.119442
0.174600 0.119021
0.174700 0.118600
0.174800 0.118181
0.174900 0.117762
0.175000 0.117344
0.175100 0.116926
0.175200 0.116510
0.175300 0.116094
0.175400 0.115679
0.175500 0.115265
0.175600 0.114852
0.175700 0.114439
0.175800 0.114028
0.175900 0.113617
0.176000 0.113207
0.176100 0.112797
0.176200 0.112389
0.176300 0.111981
0.176400 0.111574
0.176500 0.111168
0.176600 0.110763
0.176700 0.110359
0.176800 0.109955
0.176900 0.109552
0.177000 0.109150
0.177100 0.108749
0.177200 0.108349
0.177300 0.107950
0.177400 0.107551
0.177500 0.107153
0.177600 0.106756
0.177700 0.106360
0.177800 0.105965
0.177900 0.105570
0.178000 0.105177
0.178100 0.104784
0.178200 0.104392
0.178300 0.104001
0.178400 0.103611
0.178500 0.103222
0.178600 0.102833
0.178700 0.102446
0.178800 0.102059
0.178900 0.101673
0.179000 0.101288
0.179100 0.100904
0.179200 0.100520
0.179300 0.100138
0.179400 0.099756
0.179500 0.099376
0.179600 0.098996
0.179700 0.098617
0.179800 0.098239
0.179900 0.097862
0.180000 0.097485
0.180100 0.097110
0.180200 0.096735
0.180300 0.096362
0.180400 0.095989
0.180500 0.095617
0.180600 0.095246
0.180700 0.094876
0.180800 0.094507
0.180900 0.094139
0.181000 0.093771
0.181100 0.093405
0.181200 0.093039
0.181300 0.092675
0.181400 0.092311
0.181500 0.091948
0.181600 0.091586
0.181700 0.091225
0.181800 0.090865
0.181900 0.090506
0.182000 0.090147
0.182100 0.089790
0.182200 0.089433
0.182300 0.089078
0.182400 0.088723
0.182500 0.088370
0.182600 0.088017
0.182700 0.087665
0.182800 0.087314
0.182900 0.086964
0.183000 0.086615
0.183100 0.086267
0.183200 0.085920
0.183300 0.085574
0.183400 0.085228
0.183500 0.084884
0.183600 0.084541
0.183700 0.084198
0.183800 0.083857
0.183900 0.083516
0.184000 0.083177
0.184100 0.082838
0.184200 0.082500
0.184300 0.082164
0.184400 0.081828
0.184500 0.081493
0.184600 0.081159
0.184700 0.080826
0.184800 0.080494
0.184900 0.080163
0.185000 0.079833
0.185100 0.079504
0.185200 0.079176
0.185300 0.078849
0.185400 0.078523
0.185500 0.078198
0.185600 0.077874
0.185700 0.077551
0.185800 0.077228
0.185900 0.076907
0.186000 0.076587
0.186100 0.076268
0.186200 0.075949
0.186300 0.075632
0.186400 0.075316
0.186500 0.075001
0.186600 0.074686
0.186700 0.074373
0.186800 0.074061
0.186900 0.073749
0.187000 0.073439
0.187100 0.073130
0.187200 0.072821
0.187300 0.072514
0.187400 0.072208
0.187500 0.071902
0.187600 0.071598
0.187700 0.071295
0.187800 0.070992
0.187900 0.070691
0.188000 0.070391
0.188100 0.070092
0.188200 0.069794
0.188300 0.069496
0.188400 0.069200
0.188500 0.068905
0.188600 0.068611
0.188700 0.068318
0.188800 0.068026
0.188900 0.067734
0.189000 0.067444
0.189100 0.067155
0.189200 0.066867
0.189300 0.066580
0.189400 0.066295
0.189500 0.066010
0.189600 0.065726
0.189700 0.065443
0.189800 0.065161
0.189900 0.064880
0.190000 0.064601
0.190100 0.064322
0.190200 0.064045
0.190300 0.063768
0.190400 0.063492
0.190500 0.063218
0.190600 0.062945
0.190700 0.062672
0.190800 0.062401
0.190900 0.062131
0.191000 0.061861
0.191100 0.061593
0.191200 0.061326
0.191300 0.061060
0.191400 0.060795
0.191500 0.060531
0.191600 0.060268
0.191700 0.060007
0.191800 0.059746
0.191900 0.059486
0.192000 0.059228
0.192100 0.058970
0.192200 0.058714
0.192300 0.058458
0.192400 0.058204
0.192500 0.057951
0.192600 0.057698
0.192700 0.057447
0.192800 0.057197
0.192900 0.056948
0.193000 0.056701
0.193100 0.056454
0.193200 0.056208
0.193300 0.055963
0.193400 0.055720
0.193500 0.055477
0.193600 0.055236
0.193700 0.054996
0.193800 0.054757
0.193900 0.054519
0.194000 0.054282
0.194100 0.054046
0.194200 0.053811
0.194300 0.053577
0.194400 0.053345
0.194500 0.053113
0.194600 0.052883
0.194700 0.052653
0.194800 0.052425
0.194900 0.052198
0.195000 0.051972
0.195100 0.051747
0.195200 0.051523
0.195300 0.051301
0.195400 0.051079
0.195500 0.050858
0.195600 0.050639
0.195700 0.050421
0.195800 0.050204
0.195900 0.049988
0.196000 0.049773
0.196100 0.049559
0.196200 0.049346
0.196300 0.049135
0.196400 0.048924
0.196500 0.048715
0.196600 0.048506
0.196700 0.048299
0.196800 0.048093
0.196900 0.047888
0.197000 0.047685
0.197100 0.047482
0.197200 0.047281
0.197300 0.047080
0.197400 0.046881
0.197500 0.046683
0.197600 0.046486
0.197700 0.046290
0.197800 0.046095
0.197900 0.045902
0.198000 0.045709
0.198100 0.045518
0.198200 0.045328
0.198300 0.045139
0.198400 0.044951
0.198500 0.044764
0.198600 0.044578
0.198700 0.044394
0.198800 0.044211
0.198900 0.044028
0.199000 0.043847
0.199100 0.043667
0.199200 0.043489
0.199300 0.043311
0.199400 0.043134
0.199500 0.042959
0.199600 0.042785
0.199700 0.042612
0.199800 0.042440
0.199900 0.042269
0.200000 0.042099
0.200100 0.041931
0.200200 0.041764
0.200300 0.041598
0.200400 0.041433
0.200500 0.041269
0.200600 0.041106
0.200700 0.040945
0.200800 0.040784
0.200900 0.040625
0.201000 0.040467
0.201100 0.040310
0.201200 0.040154
0.201300 0.040000
0.201400 0.039846
0.201500 0.039694
0.201600 0.039543
0.201700 0.039393
0.201800 0.039244
0.201900 0.039097
0.202000 0.038950
0.202100 0.038805
0.202200 0.038661
0.202300 0.038518
0.202400 0.038376
0.202500 0.038236
0.202600 0.038096
0.202700 0.037958
0.202800 0.037821
0.202900 0.037685
0.203000 0.037550
0.203100 0.037417
0.203200 0.037284
0.203300 0.037153
0.203400 0.037023
0.203500 0.036894
0.203600 0.036766
0.203700 0.036640
0.203800 0.036515
0.203900 0.036390
0.204000 0.036267
0.204100 0.036146
0.204200 0.036025
0.204300 0.035906
0.204400 0.035787
0.204500 0.035670
0.204600 0.035554
0.204700 0.035440
0.204800 0.035326
0.204900 0.035214
0.205000 0.035103
0.205100 0.034993
0.205200 0.034884
0.205300 0.034776
0.205400 0.034670
0.205500 0.034565
0.205600 0.034461
0.205700 0.034358
0.205800 0.034256
0.205900 0.034156
0.206000 0.034057
0.206100 0.033958
0.206200 0.033862
0.206300 0.033766
0.206400 0.033671
0.206500 0.033578
0.206600 0.033486
0.206700 0.033395
0.206800 0.033305
0.206900 0.033217
0.207000 0.033129
0.207100 0.033043
0.207200 0.032958
0.207300 0.032874
0.207400 0.032792
0.207500 0.032711
0.207600 0.032630
0.207700 0.032551
0.207800 0.032474
0.207900 0.032397
0.208000 0.032322
0.208100 0.032247
0.208200 0.032174
0.208300 0.032103
0.208400 0.032032
0.208500 0.031963
0.208600 0.031895
0.208700 0.031828
0.208800 0.031762
0.208900 0.031697
0.209000 0.031634
0.209100 0.031572
0.209200 0.031511
0.209300 0.031451
0.209400 0.031392
0.209500 0.031335
0.209600 0.031279
0.209700 0.031224
0.209800 0.031170
0.209900 0.031118
0.210000 0.031066
0.210100 0.031016
0.210200 0.030967
0.210300 0.030919
0.210400 0.030873
0.210500 0.030828
0.210600 0.030783
0.210700 0.030741
0.210800 0.030699
0.210900 0.030658
0.211000 0.030619
0.211100 0.030581
0.211200 0.030544
0.211300 0.030508
0.211400 0.030474
0.211500 0.030441
0.211600 0.030409
0.211700 0.030378
0.211800 0.030348
0.211900 0.030320
0.212000 0.030293
0.212100 0.030267
0.212200 0.030242
0.212300 0.030218
0.212400 0.030196
0.212500 0.030175
0.212600 0.030155
0.212700 0.030136
0.212800 0.030118
0.212900 0.030102
0.213000 0.030087
0.213100 0.030073
0.213200 0.030060
0.213300 0.030049
0.213400 0.030039
0.213500 0.030030
0.213600 0.030022
0.213700 0.030015
0.213800 0.030010
0.213900 0.030005
0.214000 0.030002
0.214100 0.030001
0.214200 0.030000
0.214300 0.030001
0.214400 0.030002
0.214500 0.030005
0.214600 0.030010
0.214700 0.030015
0.214800 0.030022
0.214900 0.030030
0.215000 0.030039
0.215100 0.030049
0.215200 0.030061
0.215300 0.030073
0.215400 0.030087
0.215500 0.030102
0.215600 0.030119
0.215700 0.030136
0.215800 0.030155
0.215900 0.030175
0.216000 0.030196
0.216100 0.030218
0.216200 0.030242
0.216300 0.030267
0.216400 0.030293
0.216500 0.030320
0.216600 0.030349
0.216700 0.030378
0.216800 0.030409
0.216900 0.030441
0.217000 0.030474
0.217100 0.030509
0.217200 0.030544
0.217300 0.030581
0.217400 0.030619
0.217500 0.030659
0.217600 0.030699
0.217700 0.030741
0.217800 0.030784
0.217900 0.030828
0.218000 0.030873
0.218100 0.030920
0.218200 0.030968
0.218300 0.031017
0.218400 0.031067
0.218500 0.031118
0.218600 0.031171
0.218700 0.031224
0.218800 0.031279
0.218900 0.031336
0.219000 0.031393
0.219100 0.031451
0.219200 0.031511
0.219300 0.031572
0.219400 0.031634
0.219500 0.031698
0.219600 0.031762
0.219700 0.031828
0.219800 0.031895
0.219900 0.031963
0.220000 0.032033
0.220100 0.032103
0.220200 0.032175
0.220300 0.032248
0.220400 0.032322
0.220500 0.032398
0.220600 0.032474
0.220700 0.032552
0.220800 0.032631
0.220900 0.032711
0.221000 0.032793
0.221100 0.032875
0.221200 0.032959
0.221300 0.033044
0.221400 0.033130
0.221500 0.033218
0.221600 0.033306
0.221700 0.033396
0.221800 0.033487
0.221900 0.033579
0.222000 0.033672
0.222100 0.033767
0.222200 0.033862
0.222300 0.033959
0.222400 0.034057
0.222500 0.034157
0.222600 0.034257
0.222700 0.034359
0.222800 0.034462
0.222900 0.034566
0.223000 0.034671
0.223100 0.034777
0.223200 0.034885
0.223300 0.034994
0.223400 0.035104
0.223500 0.035215
0.223600 0.035327
0.223700 0.035441
0.223800 0.035556
0.223900 0.035671
0.224000 0.035789
0.224100 0.035907
0.224200 0.036026
0.224300 0.036147
0.224400 0.036269
0.224500 0.036392
0.224600 0.036516
0.224700 0.036641
0.224800 0.036768
0.224900 0.036895
0.225000 0.037024
0.225100 0.037154
0.225200 0.037286
0.225300 0.037418
0.225400 0.037551
0.225500 0.037686
0.225600 0.037822
0.225700 0.037959
0.225800 0.038097
0.225900 0.038237
0.226000 0.038378
0.226100 0.038519
0.226200 0.038662
0.226300 0.038806
0.226400 0.038952
0.226500 0.039098
0.226600 0.039246
0.226700 0.039394
0.226800 0.039544
0.226900 0.039695
0.227000 0.039848
0.227100 0.040001
0.227200 0.040156
0.227300 0.040312
0.227400 0.040468
0.227500 0.040627
0.227600 0.040786
0.227700 0.040946
0.227800 0.041108
0.227900 0.041270
0.228000 0.041434
0.228100 0.041599
0.228200 0.041765
0.228300 0.041933
0.228400 0.042101
0.228500 0.042271
0.228600 0.042442
0.228700 0.042613
0.228800 0.042787
0.228900 0.042961
0.229000 0.043136
0.229100 0.043313
0.229200 0.043490
0.229300 0.043669
0.229400 0.043849
0.229500 0.044030
0.229600 0.044212
0.229700 0.044396
0.229800 0.044580
0.229900 0.044766
0.230000 0.044953
0.230100 0.045141
0.230200 0.045330
0.230300 0.045520
0.230400 0.045711
0.230500 0.045904
0.230600 0.046097
0.230700 0.046292
0.230800 0.046488
0.230900 0.046685
0.231000 0.046883
0.231100 0.047082
0.231200 0.047283
0.231300 0.047484
0.231400 0.047687
0.231500 0.047891
0.231600 0.048095
0.231700 0.048301
0.231800 0.048509
0.231900 0.048717
0.232000 0.048926
0.232100 0.049137
0.232200 0.049348
0.232300 0.049561
0.232400 0.049775
0.232500 0.049990
0.232600 0.050206
0.232700 0.050423
0.232800 0.050641
0.232900 0.050861
0.233000 0.051081
0.233100 0.051303
0.233200 0.051525
0.233300 0.051749
0.233400 0.051974
0.233500 0.052200
0.233600 0.052427
0.233700 0.052656
0.233800 0.052885
0.233900 0.053115
0.234000 0.053347
0.234100 0.053580
0.234200 0.053813
0.234300 0.054048
0.234400 0.054284
0.234500 0.054521
0.234600 0.054759
0.234700 0.054998
0.234800 0.055239
0.234900 0.055480
0.235000 0.055722
0.235100 0.055966
0.235200 0.056211
0.235300 0.056456
0.235400 0.056703
0.235500 0.056951
0.235600 0.057200
0.235700 0.057450
0.235800 0.057701
0.235900 0.057953
0.236000 0.058206
0.236100 0.058461
0.236200 0.058716
0.236300 0.058973
0.236400 0.059230
0.236500 0.059489
0.236600 0.059748
0.236700 0.060009
0.236800 0.060271
0.236900 0.060534
0.237000 0.060798
0.237100 0.061063
0.237200 0.061329
0.237300 0.061596
0.237400 0.061864
0.237500 0.062133
0.237600 0.062404
0.237700 0.062675
0.237800 0.062947
0.237900 0.063221
0.238000 0.063495
0.238100 0.063771
0.238200 0.064047
0.238300 0.064325
0.238400 0.064604
0.238500 0.064883
0.238600 0.065164
0.238700 0.065446
0.238800 0.065729
0.238900 0.066013
0.239000 0.066297
0.239100 0.066583
0.239200 0.066870
0.239300 0.067158
0.239400 0.067447
0.239500 0.067737
0.239600 0.068028
0.239700 0.068321
0.239800 0.068614
0.239900 0.068908
0.240000 0.069203
0.240100 0.069499
0.240200 0.069796
0.240300 0.070095
0.240400 0.070394
0.240500 0.070694
0.240600 0.070996
0.240700 0.071298
0.240800 0.071601
0.240900 0.071905
0.241000 0.072211
0.241100 0.072517
0.241200 0.072824
0.241300 0.073133
0.241400 0.073442
0.241500 0.073752
0.241600 0.074064
0.241700 0.074376
0.241800 0.074689
0.241900 0.075004
0.242000 0.075319
0.242100 0.075635
0.242200 0.075953
0.242300 0.076271
0.242400 0.076590
0.242500 0.076910
0.242600 0.077232
0.242700 0.077554
0.242800 0.077877
0.242900 0.078201
0.243000 0.078526
0.243100 0.078852
0.243200 0.079180
0.243300 0.079508
0.243400 0.079837
0.243500 0.080167
0.243600 0.080498
0.243700 0.080830
0.243800 0.081162
0.243900 0.081496
0.244000 0.081831
0.244100 0.082167
0.244200 0.082504
0.244300 0.082841
0.244400 0.083180
0.244500 0.083520
0.244600 0.083860
0.244700 0.084202
0.244800 0.084544
0.244900 0.084887
0.245000 0.085232
0.245100 0.085577
0.245200 0.085923
0.245300 0.086271
0.245400 0.086619
0.245500 0.086968
0.245600 0.087318
0.245700 0.087669
0.245800 0.088020
0.245900 0.088373
0.246000 0.088727
0.246100 0.089081
0.246200 0.089437
0.246300 0.089793
0.246400 0.090151
0.246500 0.090509
0.246600 0.090868
0.246700 0.091228
0.246800 0.091590
0.246900 0.091952
0.247000 0.092314
0.247100 0.092678
0.247200 0.093043
0.247300 0.093408
0.247400 0.093775
0.247500 0.094142
0.247600 0.094511
0.247700 0.094880
0.247800 0.095250
0.247900 0.095621
0.248000 0.095993
0.248100 0.096366
0.248200 0.096739
0.248300 0.097114
0.248400 0.097489
0.248500 0.097865
0.248600 0.098243
0.248700 0.098621
0.248800 0.099000
0.248900 0.099380
0.249000 0.099760
0.249100 0.100142
0.249200 0.100524
0.249300 0.100908
0.249400 0.101292
0.249500 0.101677
0.249600 0.102063
0.249700 0.102449
0.249800 0.102837
0.249900 0.103226
0.250000 0.103615
0.250100 0.104005
0.250200 0.104396
0.250300 0.104788
0.250400 0.105181
0.250500 0.105574
0.250600 0.105969
0.250700 0.106364
0.250800 0.106760
0.250900 0.107157
0.251000 0.107555
0.251100 0.107954
0.251200 0.108353
0.251300 0.108753
0.251400 0.109154
0.251500 0.109556
0.251600 0.109959
0.251700 0.110363
0.251800 0.110767
0.251900 0.111172
0.252000 0.111578
0.252100 0.111985
0.252200 0.112393
0.252300 0.112802
0.252400 0.113211
0.252500 0.113621
0.252600 0.114032
0.252700 0.114444
0.252800 0.114856
0.252900 0.115269
0.253000 0.115684
0.253100 0.116098
0.253200 0.116514
0.253300 0.116931
0.253400 0.117348
0.253500 0.117766
0.253600 0.118185
0.253700 0.118604
0.253800 0.119025
0.253900 0.119446
0.254000 0.119868
0.254100 0.120291
0.254200 0.120714
0.254300 0.121139
0.254400 0.121564
0.254500 0.121990
0.254600 0.122416
0.254700 0.122843
0.254800 0.123272
0.254900 0.123700
0.255000 0.124130
0.255100 0.124561
0.255200 0.124992
0.255300 0.125424
0.255400 0.125856
0.255500 0.126290
0.255600 0.126724
0.255700 0.127159
0.255800 0.127594
0.255900 0.128031
0.256000 0.128468
0.256100 0.128905
0.256200 0.129344
0.256300 0.129783
0.256400 0.130223
0.256500 0.130664
0.256600 0.131105
0.256700 0.131548
0.256800 0.131991
0.256900 0.132434
0.257000 0.132878
0.257100 0.133323
0.257200 0.133769
0.257300 0.134216
0.257400 0.134663
0.257500 0.135111
0.257600 0.135559
0.257700 0.136009
0.257800 0.136458
0.257900 0.136909
0.258000 0.137360
0.258100 0.137813
0.258200 0.138265
0.258300 0.138719
0.258400 0.139173
0.258500 0.139628
0.258600 0.140083
0.258700 0.140539
0.258800 0.140996
0.258900 0.141453
0.259000 0.141912
0.259100 0.142370
0.259200 0.142830
0.259300 0.143290
0.259400 0.143751
0.259500 0.144212
0.259600 0.144674
0.259700 0.145137
0.259800 0.145601
0.259900 0.146065
0.260000 0.146529
0.260100 0.146995
0.260200 0.147461
0.260300 0.147928
0.260400 0.148395
0.260500 0.148863
0.260600 0.149331
0.260700 0.149801
0.260800 0.150270
0.260900 0.150741
0.261000 0.151212
0.261100 0.151684
0.261200 0.152156
0.261300 0.152629
0.261400 0.153103
0.261500 0.153577
0.261600 0.154051
0.261700 0.154527
0.261800 0.155003
0.261900 0.155480
0.262000 0.155957
0.262100 0.156435
0.262200 0.156913
0.262300 0.157392
0.262400 0.157872
0.262500 0.158352
0.262600 0.158833
0.262700 0.159314
0.262800 0.159796
0.262900 0.160278
0.263000 0.160762
0.263100 0.161245
0.263200 0.161730
0.263300 0.162214
0.263400 0.162700
0.263500 0.163186
0.263600 0.163672
0.263700 0.164160
0.263800 0.164647
0.263900 0.165135
0.264000 0.165624
0.264100 0.166114
0.264200 0.166603
0.264300 0.167094
0.264400 0.167585
0.264500 0.168076
0.264600 0.168568
0.264700 0.169061
0.264800 0.169554
0.264900 0.170048
0.265000 0.170542
0.265100 0.171037
0.265200 0.171532
0.265300 0.172028
0.265400 0.172524
0.265500 0.173021
0.265600 0.173518
0.265700 0.174016
0.265800 0.174515
0.265900 0.175014
0.266000 0.175513
0.266100 0.176013
0.266200 0.176513
0.266300 0.177014
0.266400 0.177516
0.266500 0.178018
0.266600 0.178520
0.266700 0.179023
0.266800 0.179526
0.266900 0.180030
0.267000 0.180534
0.267100 0.181039
0.267200 0.181545
0.267300 0.182050
0.267400 0.182557
0.267500 0.183063
0.267600 0.183571
0.267700 0.184078
0.267800 0.184586
0.267900 0.185095
0.268000 0.185604
0.268100 0.186114
0.268200 0.186624
0.268300 0.187134
0.268400 0.187645
0.268500 0.188156
0.268600 0.188668
0.268700 0.189180
0.268800 0.189693
0.268900 0.190206
0.269000 0.190719
0.269100 0.191233
0.269200 0.191748
0.269300 0.192263
0.269400 0.192778
0.269500 0.193293
0.269600 0.193809
0.269700 0.194326
0.269800 0.194843
0.269900 0.195360
0.270000 0.195878
0.270100 0.196396
0.270200 0.196915
0.270300 0.197434
0.270400 0.197953
0.270500 0.198473
0.270600 0.198993
0.270700 0.199513
0.270800 0.200034
0.270900 0.200555
0.271000 0.201077
0.271100 0.201599
0.271200 0.202122
0.271300 0.202644
0.271400 0.203168
0.271500 0.203691
0.271600 0.204215
0.271700 0.204739
0.271800 0.205264
0.271900 0.205789
0.272000 0.206315
0.272100 0.206840
0.272200 0.207366
0.272300 0.207893
0.272400 0.208420
0.272500 0.208947
0.272600 0.209474
0.272700 0.210002
0.272800 0.210530
0.272900 0.211059
0.273000 0.211588
0.273100 0.212117
0.273200 0.212646
0.273300 0.213176
0.273400 0.213706
0.273500 0.214237
0.273600 0.214768
0.273700 0.215299
0.273800 0.215830
0.273900 0.216362
0.274000 0.216894
0.274100 0.217426
0.274200 0.217959
0.274300 0.218492
0.274400 0.219025
0.274500 0.219559
0.274600 0.220092
0.274700 0.220626
0.274800 0.221161
0.274900 0.221696
0.275000 0.222231
0.275100 0.222766
0.275200 0.223301
0.275300 0.223837
0.275400 0.224373
0.275500 0.224910
0.275600 0.225446
0.275700 0.225983
0.275800 0.226520
0.275900 0.227058
0.276000 0.227595
0.276100 0.228133
0.276200 0.228671
0.276300 0.229210
0.276400 0.229748
0.276500 0.230287
0.276600 0.230826
0.276700 0.231366
0.276800 0.231905
0.276900 0.232445
0.277000 0.232985
0.277100 0.233526
0.277200 0.234066
0.277300 0.234607
0.277400 0.235148
0.277500 0.235689
0.277600 0.236230
0.277700 0.236772
0.277800 0.237314
0.277900 0.237856
0.278000 0.238398
0.278100 0.238941
0.278200 0.239483
0.278300 0.240026
0.278400 0.240569
0.278500 0.241112
0.278600 0.241656
0.278700 0.242199
0.278800 0.242743
0.278900 0.243287
0.279000 0.243831
0.279100 0.244375
0.279200 0.244920
0.279300 0.245464
0.279400 0.246009
0.279500 0.246554
0.279600 0.247099
0.279700 0.247645
0.279800 0.248190
0.279900 0.248736
0.280000 0.249282
0.280100 0.249827
0.280200 0.250373
0.280300 0.250920
0.280400 0.251466
0.280500 0.252012
0.280600 0.252559
0.280700 0.253106
0.280800 0.253653
0.280900 0.254200
0.281000 0.254747
0.281100 0.255294
0.281200 0.255841
0.281300 0.256389
0.281400 0.256937
0.281500 0.257484
0.281600 0.258032
0.281700 0.258580
0.281800 0.259128
0.281900 0.259676
0.282000 0.260224
0.282100 0.260773
0.282200 0.261321
0.282300 0.261870
0.282400 0.262418
0.282500 0.262967
0.282600 0.263516
0.282700 0.264064
0.282800 0.264613
0.282900 0.265162
0.283000 0.265711
0.283100 0.266261
0.283200 0.266810
0.283300 0.267359
0.283400 0.267908
0.283500 0.268458
0.283600 0.269007
0.283700 0.269557
0.283800 0.270106
0.283900 0.270656
0.284000 0.271205
0.284100 0.271755
0.284200 0.272305
0.284300 0.272855
0.284400 0.273404
0.284500 0.273954
0.284600 0.274504
0.284700 0.275054
0.284800 0.275604
0.284900 0.276154
0.285000 0.276704
0.285100 0.277254
0.285200 0.277804
0.285300 0.278354
0.285400 0.278904
0.285500 0.279454
0.285600 0.280004
0.285700 0.280554
0.285800 0.281104
0.285900 0.281654
0.286000 0.282204
0.286100 0.282754
0.286200 0.283304
0.286300 0.283854
0.286400 0.284403
0.286500 0.284953
0.286600 0.285503
0.286700 0.286053
0.286800 0.286603
0.286900 0.287153
0.287000 0.287702
0.287100 0.288252
0.287200 0.288802
0.287300 0.289351
0.287400 0.289901
0.287500 0.290451
0.287600 0.291000
0.287700 0.291550
0.287800 0.292099
0.287900 0.292648
0.288000 0.293198
0.288100 0.293747
0.288200 0.294296
0.288300 0.294845
0.288400 0.295394
0.288500 0.295943
0.288600 0.296492
0.288700 0.297040
0.288800 0.297589
0.288900 0.298138
0.289000 0.298686
0.289100 0.299235
0.289200 0.299783
0.289300 0.300331
0.289400 0.300879
0.289500 0.301427
0.289600 0.301975
0.289700 0.302523
0.289800 0.303071
0.289900 0.303618
0.290000 0.304166
0.290100 0.304713
0.290200 0.305260
0.290300 0.305808
0.290400 0.306355
0.290500 0.306901
0.290600 0.307448
0.290700 0.307995
0.290800 0.308541
0.290900 0.309088
0.291000 0.309634
0.291100 0.310180
0.291200 0.310726
0.291300 0.311272
0.291400 0.311817
0.291500 0.312363
0.291600 0.312908
0.291700 0.313453
0.291800 0.313998
0.291900 0.314543
0.292000 0.315087
0.292100 0.315632
0.292200 0.316176
0.292300 0.316720
0.292400 0.317264
0.292500 0.317808
0.292600 0.318352
0.292700 0.318895
0.292800 0.319438
0.292900 0.319981
0.293000 0.320524
0.293100 0.321067
0.293200 0.321609
0.293300 0.322151
0.293400 0.322693
0.293500 0.323235
0.293600 0.323777
0.293700 0.324318
0.293800 0.324859
0.293900 0.325400
0.294000 0.325941
0.294100 0.326482
0.294200 0.327022
0.294300 0.327562
0.294400 0.328102
0.294500 0.328641
0.294600 0.329181
0.294700 0.329720
0.294800 0.330259
0.294900 0.330797
0.295000 0.331336
0.295100 0.331874
0.295200 0.332412
0.295300 0.332950
0.295400 0.333487
0.295500 0.334024
0.295600 0.334561
0.295700 0.335098
0.295800 0.335634
0.295900 0.336170
0.296000 0.336706
0.296100 0.337241
0.296200 0.337777
0.296300 0.338312
0.296400 0.338846
0.296500 0.339381
0.296600 0.339915
0.296700 0.340449
0.296800 0.340982
0.296900 0.341515
0.297000 0.342048
0.297100 0.342581
0.297200 0.343113
0.297300 0.343645
0.297400 0.344177
0.297500 0.344708
0.297600 0.345240
0.297700 0.345770
0.297800 0.346301
0.297900 0.346831
0.298000 0.347361
0.298100 0.347890
0.298200 0.348419
0.298300 0.348948
0.298400 0.349477
0.298500 0.350005
0.298600 0.350533
0.298700 0.351060
0.298800 0.351587
0.298900 0.352114
0.299000 0.352641
0.299100 0.353167
0.299200 0.353692
0.299300 0.354218
0.299400 0.354743
0.299500 0.355268
0.299600 0.355792
0.299700 0.356316
0.299800 0.356839
0.299900 0.357363
0.300000 0.357885
0.300100 0.358408
0.300200 0.358930
0.300300 0.359452
0.300400 0.359973
0.300500 0.360494
0.300600 0.361014
0.300700 0.361534
0.300800 0.362054
0.300900 0.362573
0.301000 0.363092
0.301100 0.363611
0.301200 0.364129
0.301300 0.364647
0.301400 0.365164
0.301500 0.365681
0.301600 0.366197
0.301700 0.366713
0.301800 0.367229
0.301900 0.367744
0.302000 0.368259
0.302100 0.368774
0.302200 0.369287
0.302300 0.369801
0.302400 0.370314
0.302500 0.370827
0.302600 0.371339
0.302700 0.371851
0.302800 0.372362
0.302900 0.372873
0.303000 0.373383
0.303100 0.373893
0.303200 0.374403
0.303300 0.374912
0.303400 0.375420
0.303500 0.375928
0.303600 0.376436
0.303700 0.376943
0.303800 0.377450
0.303900 0.377956
0.304000 0.378462
0.304100 0.378967
0.304200 0.379472
0.304300 0.379977
0.304400 0.380480
0.304500 0.380984
0.304600 0.381487
0.304700 0.381989
0.304800 0.382491
0.304900 0.382992
0.305000 0.383493
0.305100 0.383994
0.305200 0.384494
0.305300 0.384993
0.305400 0.385492
0.305500 0.385990
0.305600 0.386488
0.305700 0.386986
0.305800 0.387482
0.305900 0.387979
0.306000 0.388474
0.306100 0.388970
0.306200 0.389464
0.306300 0.389959
0.306400 0.390452
0.306500 0.390946
0.306600 0.391438
0.306700 0.391930
0.306800 0.392422
0.306900 0.392913
0.307000 0.393403
0.307100 0.393893
0.307200 0.394382
0.307300 0.394871
0.307400 0.395359
0.307500 0.395847
0.307600 0.396334
0.307700 0.396821
0.307800 0.397307
0.307900 0.397792
0.308000 0.398277
0.308100 0.398761
0.308200 0.399245
0.308300 0.399728
0.308400 0.400210
0.308500 0.400692
0.308600 0.401174
0.308700 0.401655
0.308800 0.402135
0.308900 0.402614
0.309000 0.403093
0.309100 0.403572
0.309200 0.404050
0.309300 0.404527
0.309400 0.405003
0.309500 0.405479
0.309600 0.405955
0.309700 0.406430
0.309800 0.406904
0.309900 0.407377
0.310000 0.407850
0.310100 0.408323
0.310200 0.408794
0.310300 0.409265
0.310400 0.409736
0.310500 0.410206
0.310600 0.410675
0.310700 0.411144
0.310800 0.411611
0.310900 0.412079
0.311000 0.412545
0.311100 0.413011
0.311200 0.413477
0.311300 0.413942
0.311400 0.414406
0.311500 0.414869
0.311600 0.415332
0.311700 0.415794
0.311800 0.416255
0.311900 0.416716
0.312000 0.417176
0.312100 0.417636
0.312200 0.418095
0.312300 0.418553
0.312400 0.419010
0.312500 0.419467
0.312600 0.419923
0.312700 0.420379
0.312800 0.420833
0.312900 0.421287
0.313000 0.421741
0.313100 0.422194
0.313200 0.422646
0.313300 0.423097
0.313400 0.423548
0.313500 0.423997
0.313600 0.424447
0.313700 0.424895
0.313800 0.425343
0.313900 0.425790
0.314000 0.426237
0.314100 0.426682
0.314200 0.427128
0.314300 0.427572
0.314400 0.428015
0.314500 0.428458
0.314600 0.428900
0.314700 0.429342
0.314800 0.429783
0.314900 0.430223
0.315000 0.430662
0.315100 0.431100
0.315200 0.431538
0.315300 0.431975
0.315400 0.432412
0.315500 0.432847
0.315600 0.433282
0.315700 0.433716
0.315800 0.434150
0.315900 0.434582
0.316000 0.435014
0.316100 0.435445
0.316200 0.435876
0.316300 0.436305
0.316400 0.436734
0.316500 0.437162
0.316600 0.437590
0.316700 0.438016
0.316800 0.438442
0.316900 0.438867
0.317000 0.439291
0.317100 0.439715
0.317200 0.440138
0.317300 0.440560
0.317400 0.440981
0.317500 0.441401
0.317600 0.441821
0.317700 0.442240
0.317800 0.442658
0.317900 0.443075
0.318000 0.443491
0.318100 0.443907
0.318200 0.444322
0.318300 0.444736
0.318400 0.445149
0.318500 0.445562
0.318600 0.445974
0.318700 0.446385
0.318800 0.446795
0.318900 0.447204
0.319000 0.447612
0.319100 0.448020
0.319200 0.448427
0.319300 0.448833
0.319400 0.449238
0.319500 0.449643
0.319600 0.450046
0.319700 0.450449
0.319800 0.450851
0.319900 0.451252
0.320000 0.451652
0.320100 0.452052
0.320200 0.452450
0.320300 0.452848
0.320400 0.453245
0.320500 0.453641
0.320600 0.454036
0.320700 0.454431
0.320800 0.454824
0.320900 0.455217
0.321000 0.455609
0.321100 0.456000
0.321200 0.456390
0.321300 0.456780
0.321400 0.457168
0.321500 0.457556
0.321600 0.457942
0.321700 0.458328
0.321800 0.458713
0.321900 0.459098
0.322000 0.459481
0.322100 0.459863
0.322200 0.460245
0.322300 0.460626
0.322400 0.461005
0.322500 0.461384
0.322600 0.461762
0.322700 0.462140
0.322800 0.462516
0.322900 0.462891
0.323000 0.463266
0.323100 0.463639
0.323200 0.464012
0.323300 0.464384
0.323400 0.464755
0.323500 0.465125
0.323600 0.465494
0.323700 0.465863
0.323800 0.466230
0.323900 0.466596
0.324000 0.466962
0.324100 0.467327
0.324200 0.467690
0.324300 0.468053
0.324400 0.468415
0.324500 0.468776
0.324600 0.469136
0.324700 0.469496
0.324800 0.469854
0.324900 0.470211
0.325000 0.470568
0.325100 0.470923
0.325200 0.471278
0.325300 0.471632
0.325400 0.471984
0.325500 0.472336
0.325600 0.472687
0.325700 0.473037
0.325800 0.473386
0.325900 0.473734
0.326000 0.474081
0.326100 0.474428
0.326200 0.474773
0.326300 0.475117
0.326400 0.475460
0.326500 0.475803
0.326600 0.476144
0.326700 0.476485
0.326800 0.476825
0.326900 0.477163
0.327000 0.477501
0.327100 0.477838
0.327200 0.478173
0.327300 0.478508
0.327400 0.478842
0.327500 0.479175
0.327600 0.479507
0.327700 0.479838
0.327800 0.480168
0.327900 0.480497
0.328000 0.480825
0.328100 0.481152
0.328200 0.481478
0.328300 0.481803
0.328400 0.482127
0.328500 0.482451
0.328600 0.482773
0.328700 0.483094
0.328800 0.483414
0.328900 0.483733
0.329000 0.484052
0.329100 0.484369
0.329200 0.484685
0.329300 0.485001
0.329400 0.485315
0.329500 0.485628
0.329600 0.485940
0.329700 0.486252
0.329800 0.486562
0.329900 0.486871
0.330000 0.487180
0.330100 0.487487
0.330200 0.487793
0.330300 0.488099
0.330400 0.488403
0.330500 0.488706
0.330600 0.489009
0.330700 0.489310
0.330800 0.489610
0.330900 0.489909
0.331000 0.490207
0.331100 0.490505
0.331200 0.490801
0.331300 0.491096
0.331400 0.491390
0.331500 0.491683
0.331600 0.491975
0.331700 0.492266
0.331800 0.492557
0.331900 0.492846
0.332000 0.493134
0.332100 0.493420
0.332200 0.493706
0.332300 0.493991
0.332400 0.494275
0.332500 0.494558
0.332600 0.494840
0.332700 0.495120
0.332800 0.495400
0.332900 0.495679
0.333000 0.495956
0.333100 0.496233
0.333200 0.496508
0.333300 0.496783
0.333400 0.497056
0.333500 0.497329
0.333600 0.497600
0.333700 0.497870
0.333800 0.498140
0.333900 0.498408
0.334000 0.498675
0.334100 0.498941
0.334200 0.499206
0.334300 0.499470
0.334400 0.499733
0.334500 0.499994
0.334600 0.500255
0.334700 0.500515
0.334800 0.500773
0.334900 0.501031
0.335000 0.501287
0.335100 0.501543
0.335200 0.501797
0.335300 0.502050
0.335400 0.502302
0.335500 0.502553
0.335600 0.502804
0.335700 0.503052
0.335800 0.503300
0.335900 0.503547
0.336000 0.503793
0.336100 0.504037
0.336200 0.504281
0.336300 0.504523
0.336400 0.504765
0.336500 0.505005
0.336600 0.505244
0.336700 0.505482
0.336800 0.505719
0.336900 0.505955
0.337000 0.506190
0.337100 0.506424
0.337200 0.506656
0.337300 0.506888
0.337400 0.507118
0.337500 0.507347
0.337600 0.507576
0.337700 0.507803
0.337800 0.508029
0.337900 0.508254
0.338000 0.508478
0.338100 0.508700
0.338200 0.508922
0.338300 0.509142
0.338400 0.509362
0.338500 0.509580
0.338600 0.509797
0.338700 0.510013
0.338800 0.510228
0.338900 0.510442
0.339000 0.510655
0.339100 0.510866
0.339200 0.511077
0.339300 0.511286
0.339400 0.511494
0.339500 0.511701
0.339600 0.511907
0.339700 0.512112
0.339800 0.512316
0.339900 0.512519
0.340000 0.512720
0.340100 0.512920
0.340200 0.513120
0.340300 0.513318
0.340400 0.513515
0.340500 0.513711
0.340600 0.513905
0.340700 0.514099
0.340800 0.514291
0.340900 0.514483
0.341000 0.514673
0.341100 0.514862
0.341200 0.515050
0.341300 0.515237
0.341400 0.515422
0.341500 0.515607
0.341600 0.515790
0.341700 0.515972
0.341800 0.516153
0.341900 0.516333
0.342000 0.516512
0.342100 0.516690
0.342200 0.516866
0.342300 0.517042
0.342400 0.517216
0.342500 0.517389
0.342600 0.517561
0.342700 0.517731
0.342800 0.517901
0.342900 0.518070
0.343000 0.518237
0.343100 0.518403
0.343200 0.518568
0.343300 0.518732
0.343400 0.518895
0.343500 0.519056
0.343600 0.519216
0.343700 0.519376
0.343800 0.519534
0.343900 0.519691
0.344000 0.519846
0.344100 0.520001
0.344200 0.520154
0.344300 0.520307
0.344400 0.520458
0.344500 0.520608
0.344600 0.520756
0.344700 0.520904
0.344800 0.521050
0.344900 0.521196
0.345000 0.521340
0.345100 0.521483
0.345200 0.521624
0.345300 0.521765
0.345400 0.521904
0.345500 0.522043
0.345600 0.522180
0.345700 0.522316
0.345800 0.522450
0.345900 0.522584
0.346000 0.522716
0.346100 0.522847
0.346200 0.522977
0.346300 0.523106
0.346400 0.523234
0.346500 0.523361
0.346600 0.523486
0.346700 0.523610
0.346800 0.523733
0.346900 0.523855
0.347000 0.523975
0.347100 0.524095
0.347200 0.524213
0.347300 0.524330
0.347400 0.524446
0.347500 0.524561
0.347600 0.524674
0.347700 0.524787
0.347800 0.524898
0.347900 0.525008
0.348000 0.525116
0.348100 0.525224
0.348200 0.525330
0.348300 0.525436
0.348400 0.525540
0.348500 0.525642
0.348600 0.525744
0.348700 0.525845
0.348800 0.525944
0.348900 0.526042
0.349000 0.526139
0.349100 0.526234
0.349200 0.526329
0.349300 0.526422
0.349400 0.526514
0.349500 0.526605
0.349600 0.526695
0.349700 0.526784
0.349800 0.526871
0.349900 0.526957
0.350000 0.527042
0.350100 0.527126
0.350200 0.527208
0.350300 0.527290
0.350400 0.527370
0.350500 0.527449
0.350600 0.527527
0.350700 0.527603
0.350800 0.527679
0.350900 0.527753
0.351000 0.527826
0.351100 0.527898
0.351200 0.527968
0.351300 0.528038
0.351400 0.528106
0.351500 0.528173
0.351600 0.528238
0.351700 0.528303
0.351800 0.528366
0.351900 0.528429
0.352000 0.528490
0.352100 0.528549
0.352200 0.528608
0.352300 0.528665
0.352400 0.528721
0.352500 0.528776
0.352600 0.528830
0.352700 0.528883
0.352800 0.528934
0.352900 0.528984
0.353000 0.529033
0.353100 0.529081
0.353200 0.529127
0.353300 0.529173
0.353400 0.529217
0.353500 0.529260
0.353600 0.529301
0.353700 0.529342
0.353800 0.529381
0.353900 0.529419
0.354000 0.529456
0.354100 0.529492
0.354200 0.529526
0.354300 0.529559
0.354400 0.529591
0.354500 0.529622
0.354600 0.529652
0.354700 0.529680
0.354800 0.529707
0.354900 0.529733
0.355000 0.529758
0.355100 0.529782
0.355200 0.529804
0.355300 0.529825
0.355400 0.529845
0.355500 0.529864
0.355600 0.529882
0.355700 0.529898
0.355800 0.529913
0.355900 0.529927
0.356000 0.529940
0.356100 0.529951
0.356200 0.529961
0.356300 0.529970
0.356400 0.529978
0.356500 0.529985
0.356600 0.529990
0.356700 0.529995
0.356800 0.529998
0.356900 0.529999
0.357000 0.530000
0.357100 0.529999
0.357200 0.529998
0.357300 0.529995
0.357400 0.529990
0.357500 0.529985
0.357600 0.529978
0.357700 0.529970
0.357800 0.529961
0.357900 0.529951
0.358000 0.529939
0.358100 0.529927
0.358200 0.529913
0.358300 0.529898
0.358400 0.529881
0.358500 0.529864
0.358600 0.529845
0.358700 0.529825
0.358800 0.529804
0.358900 0.529781
0.359000 0.529758
0.359100 0.529733
0.359200 0.529707
0.359300 0.529680
0.359400 0.529651
0.359500 0.529622
0.359600 0.529591
0.359700 0.529559
0.359800 0.529526
0.359900 0.529491
0.360000 0.529455
0.360100 0.529419
0.360200 0.529380
0.360300 0.529341
0.360400 0.529301
0.360500 0.529259
0.360600 0.529216
0.360700 0.529172
0.360800 0.529127
0.360900 0.529080
0.361000 0.529032
0.361100 0.528983
0.361200 0.528933
0.361300 0.528882
0.361400 0.528829
0.361500 0.528775
0.361600 0.528720
0.361700 0.528664
0.361800 0.528607
0.361900 0.528548
0.362000 0.528489
0.362100 0.528428
0.362200 0.528365
0.362300 0.528302
0.362400 0.528237
0.362500 0.528172
0.362600 0.528105
0.362700 0.528036
0.362800 0.527967
0.362900 0.527896
0.363000 0.527825
0.363100 0.527752
0.363200 0.527677
0.363300 0.527602
0.363400 0.527525
0.363500 0.527448
0.363600 0.527369
0.363700 0.527288
0.363800 0.527207
0.363900 0.527124
0.364000 0.527041
0.364100 0.526956
0.364200 0.526870
0.364300 0.526782
0.364400 0.526694
0.364500 0.526604
0.364600 0.526513
0.364700 0.526421
0.364800 0.526327
0.364900 0.526233
0.365000 0.526137
0.365100 0.526040
0.365200 0.525942
0.365300 0.525843
0.365400 0.525742
0.365500 0.525641
0.365600 0.525538
0.365700 0.525434
0.365800 0.525329
0.365900 0.525222
0.366000 0.525115
0.366100 0.525006
0.366200 0.524896
0.366300 0.524785
0.366400 0.524672
0.366500 0.524559
0.366600 0.524444
0.366700 0.524328
0.366800 0.524211
0.366900 0.524093
0.367000 0.523973
0.367100 0.523853
0.367200 0.523731
0.367300 0.523608
0.367400 0.523484
0.367500 0.523358
0.367600 0.523232
0.367700 0.523104
0.367800 0.522975
0.367900 0.522845
0.368000 0.522714
0.368100 0.522582
0.368200 0.522448
0.368300 0.522313
0.368400 0.522177
0.368500 0.522040
0.368600 0.521902
0.368700 0.521763
0.368800 0.521622
0.368900 0.521480
0.369000 0.521337
0.369100 0.521193
0.369200 0.521048
0.369300 0.520901
0.369400 0.520754
0.369500 0.520605
0.369600 0.520455
0.369700 0.520304
0.369800 0.520152
0.369900 0.519998
0.370000 0.519844
0.370100 0.519688
0.370200 0.519531
0.370300 0.519373
0.370400 0.519214
0.370500 0.519053
0.370600 0.518892
0.370700 0.518729
0.370800 0.518565
0.370900 0.518400
0.371000 0.518234
0.371100 0.518067
0.371200 0.517898
0.371300 0.517729
0.371400 0.517558
0.371500 0.517386
0.371600 0.517213
0.371700 0.517039
0.371800 0.516863
0.371900 0.516687
0.372000 0.516509
0.372100 0.516330
0.372200 0.516150
0.372300 0.515969
0.372400 0.515787
0.372500 0.515604
0.372600 0.515419
0.372700 0.515233
0.372800 0.515047
0.372900 0.514859
0.373000 0.514670
0.373100 0.514479
0.373200 0.514288
0.373300 0.514096
0.373400 0.513902
0.373500 0.513707
0.373600 0.513511
0.373700 0.513314
0.373800 0.513116
0.373900 0.512917
0.374000 0.512717
0.374100 0.512515
0.374200 0.512313
0.374300 0.512109
0.374400 0.511904
0.374500 0.511698
0.374600 0.511491
0.374700 0.511283
0.374800 0.511073
0.374900 0.510863
0.375000 0.510651
0.375100 0.510438
0.375200 0.510224
0.375300 0.510010
0.375400 0.509793
0.375500 0.509576
0.375600 0.509358
0.375700 0.509139
0.375800 0.508918
0.375900 0.508697
0.376000 0.508474
0.376100 0.508250
0.376200 0.508025
0.376300 0.507799
0.376400 0.507572
0.376500 0.507344
0.376600 0.507114
0.376700 0.506884
0.376800 0.506652
0.376900 0.506420
0.377000 0.506186
0.377100 0.505951
0.377200 0.505715
0.377300 0.505478
0.377400 0.505240
0.377500 0.505001
0.377600 0.504761
0.377700 0.504519
0.377800 0.504277
0.377900 0.504033
0.378000 0.503789
0.378100 0.503543
0.378200 0.503296
0.378300 0.503048
0.378400 0.502799
0.378500 0.502549
0.378600 0.502298
0.378700 0.502046
0.378800 0.501793
0.378900 0.501538
0.379000 0.501283
0.379100 0.501027
0.379200 0.500769
0.379300 0.500510
0.379400 0.500251
0.379500 0.499990
0.379600 0.499728
0.379700 0.499465
0.379800 0.499201
0.379900 0.498936
0.380000 0.498670
0.380100 0.498403
0.380200 0.498135
0.380300 0.497866
0.380400 0.497596
0.380500 0.497324
0.380600 0.497052
0.380700 0.496778
0.380800 0.496504
0.380900 0.496228
0.381000 0.495952
0.381100 0.495674
0.381200 0.495395
0.381300 0.495116
0.381400 0.494835
0.381500 0.494553
0.381600 0.494270
0.381700 0.493987
0.381800 0.493702
0.381900 0.493416
0.382000 0.493129
0.382100 0.492841
0.382200 0.492552
0.382300 0.492262
0.382400 0.491971
0.382500 0.491678
0.382600 0.491385
0.382700 0.491091
0.382800 0.490796
0.382900 0.490500
0.383000 0.490203
0.383100 0.489904
0.383200 0.489605
0.383300 0.489305
0.383400 0.489003
0.383500 0.488701
0.383600 0.488398
0.383700 0.488094
0.383800 0.487788
0.383900 0.487482
0.384000 0.487175
0.384100 0.486866
0.384200 0.486557
0.384300 0.486247
0.384400 0.485935
0.384500 0.485623
0.384600 0.485310
0.384700 0.484995
0.384800 0.484680
0.384900 0.484364
0.385000 0.484046
0.385100 0.483728
0.385200 0.483409
0.385300 0.483089
0.385400 0.482767
0.385500 0.482445
0.385600 0.482122
0.385700 0.481798
0.385800 0.481473
0.385900 0.481146
0.386000 0.480819
0.386100 0.480491
0.386200 0.480162
0.386300 0.479832
0.386400 0.479501
0.386500 0.479169
0.386600 0.478836
0.386700 0.478503
0.386800 0.478168
0.386900 0.477832
0.387000 0.477495
0.387100 0.477158
0.387200 0.476819
0.387300 0.476479
0.387400 0.476139
0.387500 0.475797
0.387600 0.475455
0.387700 0.475111
0.387800 0.474767
0.387900 0.474422
0.388000 0.474076
0.388100 0.473728
0.388200 0.473380
0.388300 0.473031
0.388400 0.472681
0.388500 0.472330
0.388600 0.471978
0.388700 0.471626
0.388800 0.471272
0.388900 0.470917
0.389000 0.470562
0.389100 0.470205
0.389200 0.469848
0.389300 0.469490
0.389400 0.469130
0.389500 0.468770
0.389600 0.468409
0.389700 0.468047
0.389800 0.467684
0.389900 0.467321
0.390000 0.466956
0.390100 0.466590
0.390200 0.466224
0.390300 0.465856
0.390400 0.465488
0.390500 0.465119
0.390600 0.464749
0.390700 0.464378
0.390800 0.464006
0.390900 0.463633
0.391000 0.463260
0.391100 0.462885
0.391200 0.462510
0.391300 0.462133
0.391400 0.461756
0.391500 0.461378
0.391600 0.460999
0.391700 0.460619
0.391800 0.460238
0.391900 0.459857
0.392000 0.459474
0.392100 0.459091
0.392200 0.458707
0.392300 0.458322
0.392400 0.457936
0.392500 0.457549
0.392600 0.457162
0.392700 0.456773
0.392800 0.456384
0.392900 0.455994
0.393000 0.455603
0.393100 0.455211
0.393200 0.454818
0.393300 0.454424
0.393400 0.454030
0.393500 0.453635
0.393600 0.453238
0.393700 0.452841
0.393800 0.452444
0.393900 0.452045
0.394000 0.451646
0.394100 0.451245
0.394200 0.450844
0.394300 0.450442
0.394400 0.450039
0.394500 0.449636
0.394600 0.449231
0.394700 0.448826
0.394800 0.448420
0.394900 0.448013
0.395000 0.447606
0.395100 0.447197
0.395200 0.446788
0.395300 0.446378
0.395400 0.445967
0.395500 0.445555
0.395600 0.445143
0.395700 0.444729
0.395800 0.444315
0.395900 0.443900
0.396000 0.443484
0.396100 0.443068
0.396200 0.442651
0.396300 0.442233
0.396400 0.441814
0.396500 0.441394
0.396600 0.440974
0.396700 0.440553
0.396800 0.440131
0.396900 0.439708
0.397000 0.439284
0.397100 0.438860
0.397200 0.438435
0.397300 0.438009
0.397400 0.437582
0.397500 0.437155
0.397600 0.436727
0.397700 0.436298
0.397800 0.435868
0.397900 0.435438
0.398000 0.435007
0.398100 0.434575
0.398200 0.434142
0.398300 0.433709
0.398400 0.433275
0.398500 0.432840
0.398600 0.432404
0.398700 0.431968
0.398800 0.431531
0.398900 0.431093
0.399000 0.430655
0.399100 0.430215
0.399200 0.429775
0.399300 0.429335
0.399400 0.428893
0.399500 0.428451
0.399600 0.428008
0.399700 0.427564
0.399800 0.427120
0.399900 0.426675
0.400000 0.426229
0.400100 0.425783
0.400200 0.425336
0.400300 0.424888
0.400400 0.424439
0.400500 0.423990
0.400600 0.423540
0.400700 0.423089
0.400800 0.422638
0.400900 0.422186
0.401000 0.421733
0.401100 0.421280
0.401200 0.420826
0.401300 0.420371
0.401400 0.419916
0.401500 0.419459
0.401600 0.419003
0.401700 0.418545
0.401800 0.418087
0.401900 0.417628
0.402000 0.417169
0.402100 0.416708
0.402200 0.416248
0.402300 0.415786
0.402400 0.415324
0.402500 0.414861
0.402600 0.414398
0.402700 0.413934
0.402800 0.413469
0.402900 0.413004
0.403000 0.412538
0.403100 0.412071
0.403200 0.411604
0.403300 0.411136
0.403400 0.410667
0.403500 0.410198
0.403600 0.409728
0.403700 0.409258
0.403800 0.408786
0.403900 0.408315
0.404000 0.407842
0.404100 0.407369
0.404200 0.406896
0.404300 0.406422
0.404400 0.405947
0.404500 0.405472
0.404600 0.404995
0.404700 0.404519
0.404800 0.404042
0.404900 0.403564
0.405000 0.403085
0.405100 0.402606
0.405200 0.402127
0.405300 0.401647
0.405400 0.401166
0.405500 0.400684
0.405600 0.400202
0.405700 0.399720
0.405800 0.399237
0.405900 0.398753
0.406000 0.398269
0.406100 0.397784
0.406200 0.397299
0.406300 0.396813
0.406400 0.396326
0.406500 0.395839
0.406600 0.395351
0.406700 0.394863
0.406800 0.394374
0.406900 0.393885
0.407000 0.393395
0.407100 0.392904
0.407200 0.392414
0.407300 0.391922
0.407400 0.391430
0.407500 0.390937
0.407600 0.390444
0.407700 0.389950
0.407800 0.389456
0.407900 0.388961
0.408000 0.388466
0.408100 0.387970
0.408200 0.387474
0.408300 0.386977
0.408400 0.386480
0.408500 0.385982
0.408600 0.385484
0.408700 0.384985
0.408800 0.384485
0.408900 0.383985
0.409000 0.383485
0.409100 0.382984
0.409200 0.382483
0.409300 0.381981
0.409400 0.381478
0.409500 0.380975
0.409600 0.380472
0.409700 0.379968
0.409800 0.379464
0.409900 0.378959
0.410000 0.378454
0.410100 0.377948
0.410200 0.377442
0.410300 0.376935
0.410400 0.376428
0.410500 0.375920
0.410600 0.375412
0.410700 0.374903
0.410800 0.374394
0.410900 0.373885
0.411000 0.373375
0.411100 0.372864
0.411200 0.372353
0.411300 0.371842
0.411400 0.371330
0.411500 0.370818
0.411600 0.370305
0.411700 0.369792
0.411800 0.369279
0.411900 0.368765
0.412000 0.368251
0.412100 0.367736
0.412200 0.367221
0.412300 0.366705
0.412400 0.366189
0.412500 0.365672
0.412600 0.365155
0.412700 0.364638
0.412800 0.364120
0.412900 0.363602
0.413000 0.363084
0.413100 0.362565
0.413200 0.362045
0.413300 0.361526
0.413400 0.361006
0.413500 0.360485
0.413600 0.359964
0.413700 0.359443
0.413800 0.358921
0.413900 0.358399
0.414000 0.357877
0.414100 0.357354
0.414200 0.356831
0.414300 0.356307
0.414400 0.355783
0.414500 0.355259
0.414600 0.354734
0.414700 0.354209
0.414800 0.353684
0.414900 0.353158
0.415000 0.352632
0.415100 0.352105
0.415200 0.351579
0.415300 0.351051
0.415400 0.350524
0.415500 0.349996
0.415600 0.349468
0.415700 0.348939
0.415800 0.348411
0.415900 0.347881
0.416000 0.347352
0.416100 0.346822
0.416200 0.346292
0.416300 0.345761
0.416400 0.345231
0.416500 0.344700
0.416600 0.344168
0.416700 0.343636
0.416800 0.343104
0.416900 0.342572
0.417000 0.342039
0.417100 0.341506
0.417200 0.340973
0.417300 0.340440
0.417400 0.339906
0.417500 0.339372
0.417600 0.338837
0.417700 0.338303
0.417800 0.337768
0.417900 0.337232
0.418000 0.336697
0.418100 0.336161
0.418200 0.335625
0.418300 0.335089
0.418400 0.334552
0.418500 0.334015
0.418600 0.333478
0.418700 0.332941
0.418800 0.332403
0.418900 0.331865
0.419000 0.331327
0.419100 0.330788
0.419200 0.330250
0.419300 0.329711
0.419400 0.329172
0.419500 0.328632
0.419600 0.328093
0.419700 0.327553
0.419800 0.327013
0.419900 0.326473
0.420000 0.325932
0.420100 0.325391
0.420200 0.324850
0.420300 0.324309
0.420400 0.323768
0.420500 0.323226
0.420600 0.322684
0.420700 0.322142
0.420800 0.321600
0.420900 0.321058
0.421000 0.320515
0.421100 0.319972
0.421200 0.319429
0.421300 0.318886
0.421400 0.318343
0.421500 0.317799
0.421600 0.317255
0.421700 0.316711
0.421800 0.316167
0.421900 0.315623
0.422000 0.315078
0.422100 0.314534
0.422200 0.313989
0.422300 0.313444
0.422400 0.312899
0.422500 0.312353
0.422600 0.311808
0.422700 0.311262
0.422800 0.310717
0.422900 0.310171
0.423000 0.309625
0.423100 0.309079
0.423200 0.308532
0.423300 0.307986
0.423400 0.307439
0.423500 0.306892
0.423600 0.306345
0.423700 0.305798
0.423800 0.305251
0.423900 0.304704
0.424000 0.304157
0.424100 0.303609
0.424200 0.303062
0.424300 0.302514
0.424400 0.301966
0.424500 0.301418
0.424600 0.300870
0.424700 0.300322
0.424800 0.299774
0.424900 0.299225
0.425000 0.298677
0.425100 0.298129
0.425200 0.297580
0.425300 0.297031
0.425400 0.296483
0.425500 0.295934
0.425600 0.295385
0.425700 0.294836
0.425800 0.294287
0.425900 0.293738
0.426000 0.293188
0.426100 0.292639
0.426200 0.292090
0.426300 0.291540
0.426400 0.290991
0.426500 0.290441
0.426600 0.289892
0.426700 0.289342
0.426800 0.288793
0.426900 0.288243
0.427000 0.287693
0.427100 0.287144
0.427200 0.286594
0.427300 0.286044
0.427400 0.285494
0.427500 0.284944
0.427600 0.284394
0.427700 0.283844
0.427800 0.283294
0.427900 0.282744
0.428000 0.282194
0.428100 0.281644
0.428200 0.281094
0.428300 0.280544
0.428400 0.279994
0.428500 0.279444
0.428600 0.278894
0.428700 0.278345
0.428800 0.277795
0.428900 0.277245
0.429000 0.276695
0.429100 0.276145
0.429200 0.275595
0.429300 0.275045
0.429400 0.274495
0.429500 0.273945
0.429600 0.273395
0.429700 0.272845
0.429800 0.272296
0.429900 0.271746
0.430000 0.271196
0.430100 0.270647
0.430200 0.270097
0.430300 0.269548
0.430400 0.268998
0.430500 0.268449
0.430600 0.267899
0.430700 0.267350
0.430800 0.266801
0.430900 0.266251
0.431000 0.265702
0.431100 0.265153
0.431200 0.264604
0.431300 0.264055
0.431400 0.263506
0.431500 0.262958
0.431600 0.262409
0.431700 0.261860
0.431800 0.261312
0.431900 0.260764
0.432000 0.260215
0.432100 0.259667
0.432200 0.259119
0.432300 0.258571
0.432400 0.258023
0.432500 0.257475
0.432600 0.256927
0.432700 0.256380
0.432800 0.255832
0.432900 0.255285
0.433000 0.254738
0.433100 0.254191
0.433200 0.253644
0.433300 0.253097
0.433400 0.252550
0.433500 0.252003
0.433600 0.251457
0.433700 0.250911
0.433800 0.250364
0.433900 0.249818
0.434000 0.249272
0.434100 0.248727
0.434200 0.248181
0.434300 0.247636
0.434400 0.247090
0.434500 0.246545
0.434600 0.246000
0.434700 0.245455
0.434800 0.244911
0.434900 0.244366
0.435000 0.243822
0.435100 0.243278
0.435200 0.242734
0.435300 0.242190
0.435400 0.241647
0.435500 0.241103
0.435600 0.240560
0.435700 0.240017
0.435800 0.239474
0.435900 0.238931
0.436000 0.238389
0.436100 0.237847
0.436200 0.237305
0.436300 0.236763
0.436400 0.236221
0.436500 0.235680
0.436600 0.235139
0.436700 0.234598
0.436800 0.234057
0.436900 0.233517
0.437000 0.232976
0.437100 0.232436
0.437200 0.231896
0.437300 0.231357
0.437400 0.230817
0.437500 0.230278
0.437600 0.229739
0.437700 0.229201
0.437800 0.228662
0.437900 0.228124
0.438000 0.227586
0.438100 0.227049
0.438200 0.226511
0.438300 0.225974
0.438400 0.225437
0.438500 0.224901
0.438600 0.224364
0.438700 0.223828
0.438800 0.223292
0.438900 0.222757
0.439000 0.222222
0.439100 0.221687
0.439200 0.221152
0.439300 0.220618
0.439400 0.220083
0.439500 0.219550
0.439600 0.219016
0.439700 0.218483
0.439800 0.217950
0.439900 0.217417
0.440000 0.216885
0.440100 0.216353
0.440200 0.215821
0.440300 0.215290
0.440400 0.214759
0.440500 0.214228
0.440600 0.213697
0.440700 0.213167
0.440800 0.212637
0.440900 0.212108
0.441000 0.211579
0.441100 0.211050
0.441200 0.210521
0.441300 0.209993
0.441400 0.209465
0.441500 0.208938
0.441600 0.208411
0.441700 0.207884
0.441800 0.207358
0.441900 0.206832
0.442000 0.206306
0.442100 0.205780
0.442200 0.205255
0.442300 0.204731
0.442400 0.204206
0.442500 0.203682
0.442600 0.203159
0.442700 0.202636
0.442800 0.202113
0.442900 0.201590
0.443000 0.201068
0.443100 0.200547
0.443200 0.200025
0.443300 0.199505
0.443400 0.198984
0.443500 0.198464
0.443600 0.197944
0.443700 0.197425
0.443800 0.196906
0.443900 0.196387
0.444000 0.195869
0.444100 0.195352
0.444200 0.194834
0.444300 0.194317
0.444400 0.193801
0.444500 0.193285
0.444600 0.192769
0.444700 0.192254
0.444800 0.191739
0.444900 0.191225
0.445000 0.190711
0.445100 0.190197
0.445200 0.189684
0.445300 0.189172
0.445400 0.188659
0.445500 0.188148
0.445600 0.187636
0.445700 0.187125
0.445800 0.186615
0.445900 0.186105
0.446000 0.185596
0.446100 0.185087
0.446200 0.184578
0.446300 0.184070
0.446400 0.183562
0.446500 0.183055
0.446600 0.182548
0.446700 0.182042
0.446800 0.181536
0.446900 0.181031
0.447000 0.180526
0.447100 0.180022
0.447200 0.179518
0.447300 0.179014
0.447400 0.178512
0.447500 0.178009
0.447600 0.177507
0.447700 0.177006
0.447800 0.176505
0.447900 0.176005
0.448000 0.175505
0.448100 0.175005
0.448200 0.174506
0.448300 0.174008
0.448400 0.173510
0.448500 0.173013
0.448600 0.172516
0.448700 0.172020
0.448800 0.171524
0.448900 0.171029
0.449000 0.170534
0.449100 0.170040
0.449200 0.169546
0.449300 0.169053
0.449400 0.168560
0.449500 0.168068
0.449600 0.167577
0.449700 0.167086
0.449800 0.166595
0.449900 0.166105
0.450000 0.165616
0.450100 0.165127
0.450200 0.164639
0.450300 0.164151
0.450400 0.163664
0.450500 0.163178
0.450600 0.162692
0.450700 0.162206
0.450800 0.161722
0.450900 0.161237
0.451000 0.160754
0.451100 0.160270
0.451200 0.159788
0.451300 0.159306
0.451400 0.158825
0.451500 0.158344
0.451600 0.157864
0.451700 0.157384
0.451800 0.156905
0.451900 0.156427
0.452000 0.155949
0.452100 0.155472
0.452200 0.154995
0.452300 0.154519
0.452400 0.154044
0.452500 0.153569
0.452600 0.153095
0.452700 0.152621
0.452800 0.152148
0.452900 0.151676
0.453000 0.151204
0.453100 0.150733
0.453200 0.150263
0.453300 0.149793
0.453400 0.149323
0.453500 0.148855
0.453600 0.148387
0.453700 0.147920
0.453800 0.147453
0.453900 0.146987
0.454000 0.146522
0.454100 0.146057
0.454200 0.145593
0.454300 0.145129
0.454400 0.144667
0.454500 0.144205
0.454600 0.143743
0.454700 0.143282
0.454800 0.142822
0.454900 0.142363
0.455000 0.141904
0.455100 0.141446
0.455200 0.140988
0.455300 0.140531
0.455400 0.140075
0.455500 0.139620
0.455600 0.139165
0.455700 0.138711
0.455800 0.138258
0.455900 0.137805
0.456000 0.137353
0.456100 0.136902
0.456200 0.136451
0.456300 0.136001
0.456400 0.135552
0.456500 0.135103
0.456600 0.134655
0.456700 0.134208
0.456800 0.133762
0.456900 0.133316
0.457000 0.132871
0.457100 0.132427
0.457200 0.131983
0.457300 0.131540
0.457400 0.131098
0.457500 0.130657
0.457600 0.130216
0.457700 0.129776
0.457800 0.129337
0.457900 0.128898
0.458000 0.128460
0.458100 0.128023
0.458200 0.127587
0.458300 0.127151
0.458400 0.126716
0.458500 0.126282
0.458600 0.125849
0.458700 0.125416
0.458800 0.124984
0.458900 0.124553
0.459000 0.124123
0.459100 0.123693
0.459200 0.123264
0.459300 0.122836
0.459400 0.122409
0.459500 0.121982
0.459600 0.121557
0.459700 0.121132
0.459800 0.120707
0.459900 0.120284
0.460000 0.119861
0.460100 0.119439
0.460200 0.119018
0.460300 0.118597
0.460400 0.118178
0.460500 0.117759
0.460600 0.117341
0.460700 0.116924
0.460800 0.116507
0.460900 0.116091
0.461000 0.115677
0.461100 0.115262
0.461200 0.114849
0.461300 0.114437
0.461400 0.114025
0.461500 0.113614
0.461600 0.113204
0.461700 0.112795
0.461800 0.112386
0.461900 0.111979
0.462000 0.111572
0.462100 0.111166
0.462200 0.110760
0.462300 0.110356
0.462400 0.109952
0.462500 0.109550
0.462600 0.109148
0.462700 0.108747
0.462800 0.108346
0.462900 0.107947
0.463000 0.107548
0.463100 0.107151
0.463200 0.106754
0.463300 0.106357
0.463400 0.105962
0.463500 0.105568
0.463600 0.105174
0.463700 0.104782
0.463800 0.104390
0.463900 0.103999
0.464000 0.103608
0.464100 0.103219
0.464200 0.102831
0.464300 0.102443
0.464400 0.102056
0.464500 0.101670
0.464600 0.101285
0.464700 0.100901
0.464800 0.100518
0.464900 0.100135
0.465000 0.099754
0.465100 0.099373
0.465200 0.098993
0.465300 0.098614
0.465400 0.098236
0.465500 0.097859
0.465600 0.097483
0.465700 0.097107
0.465800 0.096733
0.465900 0.096359
0.466000 0.095987
0.466100 0.095615
0.466200 0.095244
0.466300 0.094874
0.466400 0.094504
0.466500 0.094136
0.466600 0.093769
0.466700 0.093402
0.466800 0.093037
0.466900 0.092672
0.467000 0.092308
0.467100 0.091945
0.467200 0.091584
0.467300 0.091222
0.467400 0.090862
0.467500 0.090503
0.467600 0.090145
0.467700 0.089787
0.467800 0.089431
0.467900 0.089076
0.468000 0.088721
0.468100 0.088367
0.468200 0.088014
0.468300 0.087663
0.468400 0.087312
0.468500 0.086962
0.468600 0.086613
0.468700 0.086265
0.468800 0.085918
0.468900 0.085571
0.469000 0.085226
0.469100 0.084882
0.469200 0.084538
0.469300 0.084196
0.469400 0.083854
0.469500 0.083514
0.469600 0.083174
0.469700 0.082836
0.469800 0.082498
0.469900 0.082161
0.470000 0.081826
0.470100 0.081491
0.470200 0.081157
0.470300 0.080824
0.470400 0.080492
0.470500 0.080161
0.470600 0.079831
0.470700 0.079502
0.470800 0.079174
0.470900 0.078847
0.471000 0.078521
0.471100 0.078196
0.471200 0.077872
0.471300 0.077548
0.471400 0.077226
0.471500 0.076905
0.471600 0.076585
0.471700 0.076266
0.471800 0.075947
0.471900 0.075630
0.472000 0.075314
0.472100 0.074998
0.472200 0.074684
0.472300 0.074371
0.472400 0.074059
0.472500 0.073747
0.472600 0.073437
0.472700 0.073128
0.472800 0.072819
0.472900 0.072512
0.473000 0.072206
0.473100 0.071900
0.473200 0.071596
0.473300 0.071293
0.473400 0.070990
0.473500 0.070689
0.473600 0.070389
0.473700 0.070090
0.473800 0.069792
0.473900 0.069494
0.474000 0.069198
0.474100 0.068903
0.474200 0.068609
0.474300 0.068316
0.474400 0.068024
0.474500 0.067733
0.474600 0.067443
0.474700 0.067153
0.474800 0.066866
0.474900 0.066579
0.475000 0.066293
0.475100 0.066008
0.475200 0.065724
0.475300 0.065441
0.475400 0.065159
0.475500 0.064879
0.475600 0.064599
0.475700 0.064320
0.475800 0.064043
0.475900 0.063766
0.476000 0.063491
0.476100 0.063216
0.476200 0.062943
0.476300 0.062670
0.476400 0.062399
0.476500 0.062129
0.476600 0.061860
0.476700 0.061591
0.476800 0.061324
0.476900 0.061058
0.477000 0.060793
0.477100 0.060529
0.477200 0.060267
0.477300 0.060005
0.477400 0.059744
0.477500 0.059484
0.477600 0.059226
0.477700 0.058968
0.477800 0.058712
0.477900 0.058456
0.478000 0.058202
0.478100 0.057949
0.478200 0.057697
0.478300 0.057446
0.478400 0.057196
0.478500 0.056947
0.478600 0.056699
0.478700 0.056452
0.478800 0.056206
0.478900 0.055962
0.479000 0.055718
0.479100 0.055476
0.479200 0.055235
0.479300 0.054994
0.479400 0.054755
0.479500 0.054517
0.479600 0.054280
0.479700 0.054044
0.479800 0.053809
0.479900 0.053576
0.480000 0.053343
0.480100 0.053112
0.480200 0.052881
0.480300 0.052652
0.480400 0.052424
0.480500 0.052196
0.480600 0.051970
0.480700 0.051746
0.480800 0.051522
0.480900 0.051299
0.481000 0.051077
0.481100 0.050857
0.481200 0.050638
0.481300 0.050419
0.481400 0.050202
0.481500 0.049986
0.481600 0.049771
0.481700 0.049557
0.481800 0.049345
0.481900 0.049133
0.482000 0.048923
0.482100 0.048713
0.482200 0.048505
0.482300 0.048298
0.482400 0.048092
0.482500 0.047887
0.482600 0.047683
0.482700 0.047481
0.482800 0.047279
0.482900 0.047079
0.483000 0.046880
0.483100 0.046682
0.483200 0.046485
0.483300 0.046289
0.483400 0.046094
0.483500 0.045900
0.483600 0.045708
0.483700 0.045517
0.483800 0.045327
0.483900 0.045137
0.484000 0.044950
0.484100 0.044763
0.484200 0.044577
0.484300 0.044393
0.484400 0.044209
0.484500 0.044027
0.484600 0.043846
0.484700 0.043666
0.484800 0.043487
0.484900 0.043310
0.485000 0.043133
0.485100 0.042958
0.485200 0.042784
0.485300 0.042611
0.485400 0.042439
0.485500 0.042268
0.485600 0.042098
0.485700 0.041930
0.485800 0.041763
0.485900 0.041596
0.486000 0.041431
0.486100 0.041268
0.486200 0.041105
0.486300 0.040943
0.486400 0.040783
0.486500 0.040624
0.486600 0.040466
0.486700 0.040309
0.486800 0.040153
0.486900 0.039999
0.487000 0.039845
0.487100 0.039693
0.487200 0.039542
0.487300 0.039392
0.487400 0.039243
0.487500 0.039096
0.487600 0.038949
0.487700 0.038804
0.487800 0.038660
0.487900 0.038517
0.488000 0.038375
0.488100 0.038235
0.488200 0.038095
0.488300 0.037957
0.488400 0.037820
0.488500 0.037684
0.488600 0.037549
0.488700 0.037416
0.488800 0.037283
0.488900 0.037152
0.489000 0.037022
0.489100 0.036893
0.489200 0.036766
0.489300 0.036639
0.489400 0.036514
0.489500 0.036390
0.489600 0.036267
0.489700 0.036145
0.489800 0.036024
0.489900 0.035905
0.490000 0.035787
0.490100 0.035670
0.490200 0.035554
0.490300 0.035439
0.490400 0.035325
0.490500 0.035213
0.490600 0.035102
0.490700 0.034992
0.490800 0.034883
0.490900 0.034776
0.491000 0.034669
0.491100 0.034564
0.491200 0.034460
0.491300 0.034357
0.491400 0.034256
0.491500 0.034155
0.491600 0.034056
0.491700 0.033958
0.491800 0.033861
0.491900 0.033765
0.492000 0.033671
0.492100 0.033577
0.492200 0.033485
0.492300 0.033394
0.492400 0.033305
0.492500 0.033216
0.492600 0.033129
0.492700 0.033043
0.492800 0.032958
0.492900 0.032874
0.493000 0.032791
0.493100 0.032710
0.493200 0.032630
0.493300 0.032551
0.493400 0.032473
0.493500 0.032397
0.493600 0.032321
0.493700 0.032247
0.493800 0.032174
0.493900 0.032102
0.494000 0.032032
0.494100 0.031962
0.494200 0.031894
0.494300 0.031827
0.494400 0.031761
0.494500 0.031697
0.494600 0.031633
0.494700 0.031571
0.494800 0.031510
0.494900 0.031451
0.495000 0.031392
0.495100 0.031335
0.495200 0.031278
0.495300 0.031223
0.495400 0.031170
0.495500 0.031117
0.495600 0.031066
0.495700 0.031016
0.495800 0.030967
0.495900 0.030919
0.496000 0.030873
0.496100 0.030827
0.496200 0.030783
0.496300 0.030740
0.496400 0.030699
0.496500 0.030658
0.496600 0.030619
0.496700 0.030581
0.496800 0.030544
0.496900 0.030508
0.497000 0.030474
0.497100 0.030441
0.497200 0.030409
0.497300 0.030378
0.497400 0.030348
0.497500 0.030320
0.497600 0.030292
0.497700 0.030266
0.497800 0.030242
0.497900 0.030218
0.498000 0.030196
0.498100 0.030175
0.498200 0.030155
0.498300 0.030136
0.498400 0.030118
0.498500 0.030102
0.498600 0.030087
0.498700 0.030073
0.498800 0.030060
0.498900 0.030049
0.499000 0.030039
0.499100 0.030030
0.499200 0.030022
0.499300 0.030015
0.499400 0.030010
0.499500 0.030005
0.499600 0.030002
0.499700 0.030001
0.499800 0.030000
0.499900 0.030001
0.500000 0.030002
