x   y
0.000000	486.977299
0.000977	29824.142983
0.001953	24751.690802
0.002930	24528.429047
0.003906	23094.870423
0.004883	22091.074298
0.005859	20683.273661
0.006836	19360.670759
0.007812	17925.246973
0.008789	16547.141411
0.009766	15209.103771
0.010742	13951.375007
0.011719	12810.035521
0.012695	11761.484616
0.013672	10851.544146
0.014648	10024.506362
0.015625	9324.343779
0.016602	8682.522572
0.017578	8141.847105
0.018555	7633.100349
0.019531	7200.926135
0.020508	6781.590699
0.021484	6422.519862
0.022461	6066.765030
0.023438	5762.927412
0.024414	5459.275118
0.025391	5203.031538
0.026367	4945.517720
0.027344	4730.875467
0.028320	4512.290909
0.029297	4330.717547
0.030273	4141.331769
0.031250	3982.900532
0.032227	3813.364799
0.033203	3670.344114
0.034180	3515.037110
0.035156	3384.204334
0.036133	3242.020510
0.037109	3123.888216
0.038086	2996.091758
0.039062	2891.957491
0.040039	2779.028824
0.041016	2688.257117
0.041992	2588.118775
0.042969	2507.539284
0.043945	2416.192483
0.044922	2341.690726
0.045898	2255.404398
0.046875	2184.195028
0.047852	2101.399721
0.048828	2033.202705
0.049805	1954.722775
0.050781	1891.109976
0.051758	1818.761912
0.052734	1761.366807
0.053711	1696.132060
0.054688	1645.146137
0.055664	1586.273949
0.056641	1540.256178
0.057617	1485.797857
0.058594	1442.735432
0.059570	1390.906154
0.060547	1349.563812
0.061523	1299.805561
0.062500	1260.318122
0.063477	1213.305987
0.064453	1176.663592
0.065430	1133.379636
0.066406	1100.325992
0.067383	1061.010451
0.068359	1031.256724
0.069336	995.049994
0.070312	967.373508
0.071289	932.856831
0.072266	905.928850
0.073242	872.073690
0.074219	845.326473
0.075195	812.099901
0.076172	785.977291
0.077148	754.178273
0.078125	729.636170
0.079102	700.153236
0.080078	677.850243
0.081055	650.945997
0.082031	630.754158
0.083008	605.903821
0.083984	587.068431
0.084961	563.413292
0.085938	545.173272
0.086914	522.184093
0.087891	504.338636
0.088867	482.167001
0.089844	465.166629
0.090820	444.451247
0.091797	428.995736
0.092773	410.331559
0.093750	396.838787
0.094727	380.357004
0.095703	368.730219
0.096680	354.105182
0.097656	343.948882
0.098633	330.779264
0.099609	321.842262
0.100586	310.056393
0.101562	302.511206
0.102539	292.446506
0.103516	286.766035
0.104492	278.853649
0.105469	275.384634
0.106445	269.697470
0.107422	268.275442
0.108398	264.302083
0.109375	264.210875
0.110352	261.034046
0.111328	261.346022
0.112305	258.102235
0.113281	258.159840
0.114258	254.456841
0.115234	254.158379
0.116211	250.162511
0.117188	249.865129
0.118164	246.021508
0.119141	246.163864
0.120117	242.783696
0.121094	243.526758
0.122070	240.549994
0.123047	241.688567
0.124023	238.767466
0.125000	239.939595
0.125977	236.739021
0.126953	237.739690
0.127930	234.198536
0.128906	235.141843
0.129883	231.489315
0.130859	232.699580
0.131836	229.227905
0.132812	230.964299
0.133789	227.755074
0.134766	230.001162
0.135742	226.828797
0.136719	229.316932
0.137695	225.806736
0.138672	228.263906
0.139648	224.186471
0.140625	226.622700
0.141602	222.101594
0.142578	224.932313
0.143555	220.405805
0.144531	224.331527
0.145508	220.294026
0.146484	226.048924
0.147461	222.746305
0.148438	230.917161
0.149414	228.161679
0.150391	239.228730
0.151367	236.359155
0.152344	251.033754
0.153320	246.856152
0.154297	266.925888
0.155273	259.158573
0.156250	290.561983
0.157227	272.716045
0.158203	359.862441
0.159180	378.933150
0.160156	226.020807
0.161133	305.722164
0.162109	286.649055
0.163086	321.253777
0.164062	312.050817
0.165039	336.414083
0.166016	331.141626
0.166992	350.662711
0.167969	347.436271
0.168945	364.137243
0.169922	362.312351
0.170898	377.344441
0.171875	376.707285
0.172852	390.771018
0.173828	391.151785
0.174805	404.566973
0.175781	405.697579
0.176758	418.505397
0.177734	420.072053
0.178711	432.219161
0.179688	433.998359
0.180664	445.504480
0.181641	447.439295
0.182617	458.436262
0.183594	460.573617
0.184570	471.196981
0.185547	473.526281
0.186523	483.754540
0.187500	486.072182
0.188477	495.650180
0.189453	497.560314
0.190430	506.079658
0.191406	507.141359
0.192383	514.233022
0.193359	514.156571
0.194336	519.667909
0.195312	518.428316
0.196289	522.471053
0.197266	520.271350
0.198242	523.124247
0.199219	520.251124
0.200195	522.203775
0.201172	518.888435
0.202148	520.142225
0.203125	516.519611
0.204102	517.201882
0.205078	513.372788
0.206055	513.622865
0.207031	509.739580
0.208008	509.769329
0.208984	506.052347
0.209961	506.112744
0.210938	502.770098
0.211914	503.039655
0.212891	500.149346
0.213867	500.633994
0.214844	498.088748
0.215820	498.623301
0.216797	496.196924
0.217773	496.565815
0.218750	494.071118
0.219727	494.177342
0.220703	491.614881
0.221680	491.586467
0.222656	489.186115
0.223633	489.350695
0.224609	487.480253
0.225586	488.226989
0.226562	487.230001
0.227539	488.850186
0.228516	488.914725
0.229492	491.514007
0.230469	492.640407
0.231445	496.156807
0.232422	498.217919
0.233398	502.504993
0.234375	505.334527
0.235352	510.236681
0.236328	513.679291
0.237305	519.052382
0.238281	522.957223
0.239258	528.645541
0.240234	532.839340
0.241211	538.658932
0.242188	542.949649
0.243164	548.717169
0.244141	552.945122
0.245117	558.542583
0.246094	562.644108
0.247070	568.067010
0.248047	572.092089
0.249023	577.429397
0.250000	581.481893
0.250977	586.824154
0.251953	590.951565
0.252930	596.280727
0.253906	600.383778
0.254883	605.518260
0.255859	609.343599
0.256836	613.980072
0.257812	617.205902
0.258789	621.035291
0.259766	623.399400
0.260742	626.227500
0.261719	627.621987
0.262695	629.427038
0.263672	629.912325
0.264648	630.818776
0.265625	630.565214
0.266602	630.767646
0.267578	629.975965
0.268555	629.669133
0.269531	628.519769
0.270508	627.870418
0.271484	626.515834
0.272461	625.668750
0.273438	624.244807
0.274414	623.330057
0.275391	621.952741
0.276367	621.068861
0.277344	619.806279
0.278320	618.987095
0.279297	617.829720
0.280273	617.026762
0.281250	615.889637
0.282227	614.996940
0.283203	613.765242
0.284180	612.679354
0.285156	611.272864
0.286133	609.949953
0.287109	608.361446
0.288086	606.829678
0.289062	605.108373
0.290039	603.425341
0.291016	601.616583
0.291992	599.802941
0.292969	597.888991
0.293945	595.888148
0.294922	593.774595
0.295898	591.468378
0.296875	589.025613
0.297852	586.293051
0.298828	583.420238
0.299805	580.193879
0.300781	576.856599
0.301758	573.134811
0.302734	569.350634
0.303711	565.160758
0.304688	560.949462
0.305664	556.297549
0.306641	551.642482
0.307617	546.495739
0.308594	541.352720
0.309570	535.674358
0.310547	530.025668
0.311523	523.837051
0.312500	517.748580
0.313477	511.168280
0.314453	504.801059
0.315430	498.024374
0.316406	491.584190
0.317383	484.810311
0.318359	478.464998
0.319336	471.818596
0.320312	465.637741
0.321289	459.136841
0.322266	453.091927
0.323242	446.679268
0.324219	440.698988
0.325195	434.309831
0.326172	428.346916
0.327148	421.962992
0.328125	416.026266
0.329102	409.681737
0.330078	403.818219
0.331055	397.564689
0.332031	391.817684
0.333008	385.686418
0.333984	380.071661
0.334961	374.069623
0.335938	368.591838
0.336914	362.734713
0.337891	357.428627
0.338867	351.778665
0.339844	346.733430
0.340820	341.402443
0.341797	336.739550
0.342773	331.843398
0.343750	327.655567
0.344727	323.248434
0.345703	319.541740
0.346680	315.578302
0.347656	312.262378
0.348633	308.619451
0.349609	305.557381
0.350586	302.104487
0.351562	299.191189
0.352539	295.863027
0.353516	293.079094
0.354492	289.900593
0.355469	287.304771
0.356445	284.352755
0.357422	282.021160
0.358398	279.352838
0.359375	277.310693
0.360352	274.911695
0.361328	273.106992
0.362305	270.895513
0.363281	269.231859
0.364258	267.113999
0.365234	265.517308
0.366211	263.452411
0.367188	261.922463
0.368164	259.950989
0.369141	258.561291
0.370117	256.776466
0.371094	255.623759
0.372070	254.108253
0.373047	253.248022
0.374023	252.019225
0.375000	251.429063
0.375977	250.426007
0.376953	250.016343
0.377930	249.131435
0.378906	248.791144
0.379883	247.921751
0.380859	247.566876
0.381836	246.654187
0.382812	246.252933
0.383789	245.291827
0.384766	244.861969
0.385742	243.889980
0.386719	243.484979
0.387695	242.570002
0.388672	242.271620
0.389648	241.509658
0.390625	241.429583
0.391602	240.946401
0.392578	241.223679
0.393555	241.164007
0.394531	241.944161
0.395508	242.440365
0.396484	243.836402
0.397461	244.966661
0.398438	247.019761
0.399414	248.777504
0.400391	251.439439
0.401367	253.732235
0.402344	256.880209
0.403320	259.559172
0.404297	263.034197
0.405273	265.935081
0.406250	269.577633
0.407227	272.544255
0.408203	276.200669
0.409180	279.073476
0.410156	282.569811
0.411133	285.151807
0.412109	288.261012
0.413086	290.297021
0.414062	292.738545
0.415039	293.941371
0.416016	295.433886
0.416992	295.559536
0.417969	295.909356
0.418945	294.845032
0.419922	294.020294
0.420898	291.831364
0.421875	289.974997
0.422852	286.879305
0.423828	284.250410
0.424805	280.534196
0.425781	277.412283
0.426758	273.335454
0.427734	269.939622
0.428711	265.678221
0.429688	262.136982
0.430664	257.781158
0.431641	254.153568
0.432617	249.745109
0.433594	246.064676
0.434570	241.638970
0.435547	237.946201
0.436523	233.551125
0.437500	229.897973
0.438477	225.585664
0.439453	222.018602
0.440430	217.824882
0.441406	214.365538
0.442383	210.295969
0.443359	206.935280
0.444336	202.969053
0.445312	199.680007
0.446289	195.789602
0.447266	192.550330
0.448242	188.724617
0.449219	185.538287
0.450195	181.796604
0.451172	178.698632
0.452148	175.090277
0.453125	172.140787
0.454102	168.731078
0.455078	165.996516
0.456055	162.846204
0.457031	160.379979
0.458008	157.530633
0.458984	155.366002
0.459961	152.842404
0.460938	151.004248
0.461914	148.833501
0.462891	147.359925
0.463867	145.588177
0.464844	144.533222
0.465820	143.204412
0.466797	142.585046
0.467773	141.653218
0.468750	141.331142
0.469727	140.527175
0.470703	140.081109
0.471680	138.822123
0.472656	137.519277
0.473633	134.969517
0.474609	131.923346
0.475586	127.248851
0.476562	121.748404
0.477539	114.486061
0.478516	106.361205
0.479492	96.724946
0.480469	86.553597
0.481445	75.496808
0.482422	64.513346
0.483398	53.474628
0.484375	43.186078
0.485352	33.611790
0.486328	25.287659
0.487305	18.150373
0.488281	12.425140
0.489258	7.961943
0.490234	4.727253
0.491211	2.499889
0.492188	1.103892
0.493164	0.311981
0.494141	0.101056
0.495117	0.245814
0.496094	0.290125
0.497070	0.289742
0.498047	0.269692
0.499023	0.240548
