x   y
0.000000	0.290474
0.000977	23.558523
0.001953	46.286311
0.002930	67.428604
0.003906	86.357522
0.004883	102.622111
0.005859	115.973912
0.006836	126.370539
0.007812	133.957857
0.008789	139.034323
0.009766	142.003182
0.010742	143.319409
0.011719	143.438430
0.012695	142.772794
0.013672	141.661249
0.014648	140.352471
0.015625	139.003366
0.016602	137.689745
0.017578	136.425657
0.018555	135.186849
0.019531	133.933877
0.020508	132.631105
0.021484	131.259154
0.022461	129.819868
0.023438	128.334395
0.024414	126.836168
0.025391	125.361297
0.026367	123.939035
0.027344	122.584607
0.028320	121.295878
0.029297	120.054347
0.030273	118.829948
0.031250	117.588323
0.032227	116.298803
0.033203	114.941264
0.034180	113.510403
0.035156	112.016581
0.036133	110.483206
0.037109	108.941326
0.038086	107.422716
0.039062	105.952964
0.040039	104.546055
0.041016	103.201535
0.041992	101.904778
0.042969	100.630226
0.043945	99.346817
0.044922	98.024442
0.045898	96.640049
0.046875	95.182163
0.047852	93.652954
0.048828	92.067496
0.049805	90.450480
0.050781	88.831135
0.051758	87.237447
0.052734	85.690893
0.053711	84.202725
0.054688	82.772506
0.055664	81.389097
0.056641	80.033790
0.057617	78.684843
0.058594	77.322418
0.059570	75.932879
0.060547	74.511569
0.061523	73.063530
0.062500	71.602105
0.063477	70.145767
0.064453	68.713915
0.065430	67.322545
0.066406	65.980734
0.067383	64.688639
0.068359	63.437426
0.069336	62.211081
0.070312	60.989704
0.071289	59.753564
0.072266	58.487067
0.073242	57.181818
0.074219	55.838169
0.075195	54.464968
0.076172	53.077621
0.077148	51.694892
0.078125	50.335152
0.079102	49.012842
0.080078	47.735893
0.081055	46.504580
0.082031	45.312000
0.083008	44.146039
0.083984	42.992340
0.084961	41.837656
0.085938	40.672854
0.086914	39.494974
0.087891	38.307941
0.088867	37.121833
0.089844	35.950910
0.090820	34.810881
0.091797	33.716017
0.092773	32.676743
0.093750	31.698214
0.094727	30.780132
0.095703	29.917821
0.096680	29.104256
0.097656	28.332573
0.098633	27.598462
0.099609	26.901908
0.100586	26.247847
0.101562	25.645587
0.102539	25.107084
0.103516	24.644447
0.104492	24.267188
0.105469	23.979805
0.106445	23.780196
0.107422	23.659241
0.108398	23.601636
0.109375	23.587853
0.110352	23.596860
0.111328	23.609107
0.112305	23.609227
0.113281	23.587946
0.114258	23.542848
0.115234	23.477881
0.116211	23.401743
0.117188	23.325518
0.118164	23.260042
0.119141	23.213562
0.120117	23.190098
0.121094	23.188821
0.122070	23.204486
0.123047	23.228793
0.124023	23.252343
0.125000	23.266757
0.125977	23.266505
0.126953	23.250045
0.127930	23.220053
0.128906	23.182697
0.129883	23.146151
0.130859	23.118678
0.131836	23.106713
0.132812	23.113358
0.133789	23.137611
0.134766	23.174489
0.135742	23.216040
0.136719	23.253048
0.137695	23.277101
0.138672	23.282635
0.139648	23.268521
0.140625	23.238907
0.141602	23.203136
0.142578	23.174772
0.143555	23.169949
0.144531	23.205364
0.145508	23.296295
0.146484	23.454969
0.147461	23.689529
0.148438	24.003680
0.149414	24.397021
0.150391	24.865902
0.151367	25.404614
0.152344	26.006632
0.153320	26.665671
0.154297	27.376326
0.155273	28.134216
0.156250	28.935636
0.157227	29.776866
0.158203	30.653357
0.159180	31.559053
0.160156	32.486062
0.161133	33.424822
0.162109	34.364777
0.163086	35.295458
0.164062	36.207756
0.165039	37.095132
0.166016	37.954482
0.166992	38.786472
0.167969	39.595246
0.168945	40.387540
0.169922	41.171369
0.170898	41.954543
0.171875	42.743272
0.172852	43.541157
0.173828	44.348725
0.174805	45.163583
0.175781	45.981156
0.176758	46.795798
0.177734	47.602060
0.178711	48.395810
0.179688	49.174969
0.180664	49.939699
0.181641	50.691994
0.182617	51.434760
0.183594	52.170586
0.184570	52.900451
0.185547	53.622661
0.186523	54.332232
0.187500	55.020886
0.188477	55.677665
0.189453	56.290075
0.190430	56.845565
0.191406	57.333068
0.192383	57.744333
0.193359	58.074828
0.194336	58.324054
0.195312	58.495263
0.196289	58.594661
0.197266	58.630277
0.198242	58.610742
0.199219	58.544205
0.200195	58.437596
0.201172	58.296323
0.202148	58.124429
0.203125	57.925100
0.204102	57.701370
0.205078	57.456811
0.206055	57.196019
0.207031	56.924756
0.208008	56.649685
0.208984	56.377744
0.209961	56.115280
0.210938	55.867130
0.211914	55.635853
0.212891	55.421291
0.213867	55.220590
0.214844	55.028700
0.215820	54.839292
0.216797	54.645963
0.217773	54.443493
0.218750	54.228964
0.219727	54.002530
0.220703	53.767709
0.221680	53.531145
0.222656	53.301911
0.223633	53.090444
0.224609	52.907340
0.225586	52.762178
0.226562	52.662573
0.227539	52.613573
0.228516	52.617475
0.229492	52.674013
0.230469	52.780848
0.231445	52.934221
0.232422	53.129619
0.233398	53.362332
0.234375	53.627802
0.235352	53.921752
0.236328	54.240103
0.237305	54.578777
0.238281	54.933468
0.239258	55.299506
0.240234	55.671870
0.241211	56.045388
0.242188	56.415109
0.243164	56.776771
0.244141	57.127259
0.245117	57.464947
0.246094	57.789821
0.247070	58.103334
0.248047	58.407976
0.249023	58.706629
0.250000	59.001797
0.250977	59.294848
0.251953	59.585404
0.252930	59.870991
0.253906	60.147013
0.254883	60.407072
0.255859	60.643574
0.256836	60.848534
0.257812	61.014441
0.258789	61.135053
0.259766	61.206003
0.260742	61.225135
0.261719	61.192544
0.262695	61.110351
0.263672	60.982264
0.264648	60.813049
0.265625	60.607982
0.266602	60.372394
0.267578	60.111356
0.268555	59.829517
0.269531	59.531090
0.270508	59.219923
0.271484	58.899599
0.272461	58.573505
0.273438	58.244821
0.274414	57.916423
0.275391	57.590700
0.276367	57.269351
0.277344	56.953192
0.278320	56.642055
0.279297	56.334805
0.280273	56.029506
0.281250	55.723712
0.282227	55.414850
0.283203	55.100617
0.284180	54.779331
0.285156	54.450152
0.286133	54.113147
0.287109	53.769172
0.288086	53.419596
0.289062	53.065925
0.290039	52.709400
0.291016	52.350643
0.291992	51.989431
0.292969	51.624627
0.293945	51.254294
0.294922	50.875957
0.295898	50.486962
0.296875	50.084854
0.297852	49.667705
0.298828	49.234321
0.299805	48.784295
0.300781	48.317904
0.301758	47.835879
0.302734	47.339099
0.303711	46.828298
0.304688	46.303834
0.305664	45.765598
0.306641	45.213065
0.307617	44.645496
0.308594	44.062250
0.309570	43.463128
0.310547	42.848692
0.311523	42.220475
0.312500	41.581032
0.313477	40.933820
0.314453	40.282909
0.315430	39.632581
0.316406	38.986874
0.317383	38.349171
0.318359	37.721883
0.319336	37.106298
0.320312	36.502599
0.321289	35.910056
0.322266	35.327336
0.323242	34.752877
0.324219	34.185245
0.325195	33.623415
0.326172	33.066931
0.327148	32.515923
0.328125	31.970994
0.329102	31.433024
0.330078	30.902935
0.331055	30.381487
0.332031	29.869151
0.333008	29.366092
0.333984	28.872265
0.334961	28.387587
0.335938	27.912167
0.336914	27.446511
0.337891	26.991651
0.338867	26.549170
0.339844	26.121090
0.340820	25.709639
0.341797	25.316936
0.342773	24.944651
0.343750	24.593713
0.344727	24.264110
0.345703	23.954844
0.346680	23.664036
0.347656	23.389187
0.348633	23.127535
0.349609	22.876456
0.350586	22.633833
0.351562	22.398330
0.352539	22.169519
0.353516	21.947841
0.354492	21.734402
0.355469	21.530667
0.356445	21.338084
0.357422	21.157739
0.358398	20.990084
0.359375	20.834803
0.360352	20.690830
0.361328	20.556519
0.362305	20.429927
0.363281	20.309157
0.364258	20.192699
0.365234	20.079697
0.366211	19.970099
0.367188	19.864658
0.368164	19.764792
0.369141	19.672321
0.370117	19.589144
0.371094	19.516904
0.372070	19.456704
0.373047	19.408912
0.374023	19.373091
0.375000	19.348056
0.375977	19.332028
0.376953	19.322873
0.377930	19.318369
0.378906	19.316459
0.379883	19.315449
0.380859	19.314139
0.381836	19.311864
0.382812	19.308486
0.383789	19.304319
0.384766	19.300066
0.385742	19.296747
0.386719	19.295669
0.387695	19.298424
0.388672	19.306911
0.389648	19.323362
0.390625	19.350342
0.391602	19.390712
0.392578	19.447524
0.393555	19.523862
0.394531	19.622628
0.395508	19.746316
0.396484	19.896784
0.397461	20.075080
0.398438	20.281329
0.399414	20.514708
0.400391	20.773520
0.401367	21.055338
0.402344	21.357217
0.403320	21.675920
0.404297	22.008117
0.405273	22.350522
0.406250	22.699933
0.407227	23.053161
0.408203	23.406871
0.409180	23.757375
0.410156	24.100423
0.411133	24.431051
0.412109	24.743562
0.413086	25.031644
0.414062	25.288663
0.415039	25.508094
0.416016	25.684042
0.416992	25.811776
0.417969	25.888192
0.418945	25.912123
0.419922	25.884447
0.420898	25.807972
0.421875	25.687106
0.422852	25.527385
0.423828	25.334910
0.424805	25.115787
0.425781	24.875651
0.426758	24.619313
0.427734	24.350581
0.428711	24.072243
0.429688	23.786197
0.430664	23.493674
0.431641	23.195511
0.432617	22.892403
0.433594	22.585103
0.434570	22.274532
0.435547	21.961800
0.436523	21.648149
0.437500	21.334837
0.438477	21.023010
0.439453	20.713567
0.440430	20.407067
0.441406	20.103690
0.442383	19.803254
0.443359	19.505292
0.444336	19.209176
0.445312	18.914262
0.446289	18.620042
0.447266	18.326264
0.448242	18.033031
0.449219	17.740844
0.450195	17.450603
0.451172	17.163566
0.452148	16.881262
0.453125	16.605375
0.454102	16.337608
0.455078	16.079556
0.456055	15.832607
0.457031	15.597885
0.458008	15.376265
0.458984	15.168445
0.459961	14.975080
0.460938	14.796932
0.461914	14.635004
0.462891	14.490594
0.463867	14.365192
0.464844	14.260168
0.465820	14.176215
0.466797	14.112569
0.467773	14.066093
0.468750	14.030375
0.469727	13.995043
0.470703	13.945487
0.471680	13.863169
0.472656	13.726603
0.473633	13.513000
0.474609	13.200446
0.475586	12.770385
0.476562	12.210098
0.477539	11.514841
0.478516	10.689294
0.479492	9.748095
0.480469	8.715278
0.481445	7.622650
0.482422	6.507230
0.483398	5.408057
0.484375	4.362752
0.485352	3.404244
0.486328	2.558084
0.487305	1.840642
0.488281	1.258392
0.489258	0.808307
0.490234	0.479238
0.491211	0.254022
0.492188	0.111999
0.493164	0.031724
0.494141	0.010259
0.495117	0.025009
0.496094	0.029466
0.497070	0.029488
0.498047	0.027397
0.499023	0.024485
