RX	IX
0.000000 0.000106
0.000977 0.135480
0.001953 0.229986
0.002930 0.273064
0.003906 0.283562
0.004883 0.284339
0.005859 0.284945
0.006836 0.285327
0.007812 0.285453
0.008789 0.286538
0.009766 0.288007
0.010742 0.288502
0.011719 0.288557
0.012695 0.289487
0.013672 0.290881
0.014648 0.291517
0.015625 0.291674
0.016602 0.292483
0.017578 0.293776
0.018555 0.294511
0.019531 0.294763
0.020508 0.295489
0.021484 0.296694
0.022461 0.297498
0.023438 0.297829
0.024414 0.298496
0.025391 0.299626
0.026367 0.300480
0.027344 0.300880
0.028320 0.301503
0.029297 0.302569
0.030273 0.303458
0.031250 0.303917
0.032227 0.304509
0.033203 0.305518
0.034180 0.306432
0.035156 0.306943
0.036133 0.307514
0.037109 0.308470
0.038086 0.309400
0.039062 0.309960
0.040039 0.310516
0.041016 0.311425
0.041992 0.312364
0.042969 0.312967
0.043945 0.313515
0.044922 0.314381
0.045898 0.315323
0.046875 0.315966
0.047852 0.316510
0.048828 0.317336
0.049805 0.318277
0.050781 0.318955
0.051758 0.319501
0.052734 0.320290
0.053711 0.321225
0.054688 0.321936
0.055664 0.322487
0.056641 0.323242
0.057617 0.324168
0.058594 0.324907
0.059570 0.325466
0.060547 0.326192
0.061523 0.327105
0.062500 0.327869
0.063477 0.328440
0.064453 0.329139
0.065430 0.330036
0.066406 0.330822
0.067383 0.331406
0.068359 0.332081
0.069336 0.332961
0.070312 0.333766
0.071289 0.334364
0.072266 0.335019
0.073242 0.335879
0.074219 0.336699
0.075195 0.337314
0.076172 0.337952
0.077148 0.338792
0.078125 0.339623
0.079102 0.340255
0.080078 0.340879
0.081055 0.341696
0.082031 0.342536
0.083008 0.343186
0.083984 0.343799
0.084961 0.344594
0.085938 0.345439
0.086914 0.346107
0.087891 0.346712
0.088867 0.347484
0.089844 0.348331
0.090820 0.349017
0.091797 0.349617
0.092773 0.350367
0.093750 0.351213
0.094727 0.351916
0.095703 0.352514
0.096680 0.353242
0.097656 0.354083
0.098633 0.354803
0.099609 0.355401
0.100586 0.356108
0.101562 0.356943
0.102539 0.357678
0.103516 0.358278
0.104492 0.358965
0.105469 0.359791
0.106445 0.360540
0.107422 0.361145
0.108398 0.361813
0.109375 0.362627
0.110352 0.363389
0.111328 0.364000
0.112305 0.364652
0.113281 0.365452
0.114258 0.366224
0.115234 0.366844
0.116211 0.367480
0.117188 0.368266
0.118164 0.369046
0.119141 0.369675
0.120117 0.370298
0.121094 0.371067
0.122070 0.371853
0.123047 0.372493
0.124023 0.373104
0.125000 0.373856
0.125977 0.374646
0.126953 0.375297
0.127930 0.375899
0.128906 0.376632
0.129883 0.377424
0.130859 0.378087
0.131836 0.378682
0.132812 0.379397
0.133789 0.380188
0.134766 0.380862
0.135742 0.381452
0.136719 0.382148
0.137695 0.382935
0.138672 0.383621
0.139648 0.384208
0.140625 0.384886
0.141602 0.385668
0.142578 0.386365
0.143555 0.386951
0.144531 0.387610
0.145508 0.388385
0.146484 0.389092
0.147461 0.389679
0.148438 0.390321
0.149414 0.391086
0.150391 0.391803
0.151367 0.392392
0.152344 0.393017
0.153320 0.393771
0.154297 0.394496
0.155273 0.395089
0.156250 0.395699
0.157227 0.396439
0.158203 0.397171
0.159180 0.397770
0.160156 0.398366
0.161133 0.399092
0.162109 0.399828
0.163086 0.400434
0.164062 0.401018
0.165039 0.401727
0.166016 0.402467
0.166992 0.403081
0.167969 0.403654
0.168945 0.404346
0.169922 0.405087
0.170898 0.405710
0.171875 0.406273
0.172852 0.406949
0.173828 0.407689
0.174805 0.408320
0.175781 0.408876
0.176758 0.409534
0.177734 0.410271
0.178711 0.410911
0.179688 0.411462
0.180664 0.412101
0.181641 0.412833
0.182617 0.413483
0.183594 0.414030
0.184570 0.414651
0.185547 0.415376
0.186523 0.416034
0.187500 0.416580
0.188477 0.417183
0.189453 0.417899
0.190430 0.418565
0.191406 0.419111
0.192383 0.419696
0.193359 0.420402
0.194336 0.421075
0.195312 0.421622
0.196289 0.422191
0.197266 0.422885
0.198242 0.423563
0.199219 0.424114
0.200195 0.424668
0.201172 0.425347
0.202148 0.426030
0.203125 0.426585
0.204102 0.427125
0.205078 0.427789
0.206055 0.428474
0.207031 0.429036
0.208008 0.429563
0.208984 0.430209
0.209961 0.430897
0.210938 0.431464
0.211914 0.431980
0.212891 0.432609
0.213867 0.433296
0.214844 0.433871
0.215820 0.434377
0.216797 0.434988
0.217773 0.435672
0.218750 0.436255
0.219727 0.436754
0.220703 0.437346
0.221680 0.438026
0.222656 0.438616
0.223633 0.439109
0.224609 0.439682
0.225586 0.440355
0.226562 0.440953
0.227539 0.441443
0.228516 0.441997
0.229492 0.442661
0.230469 0.443267
0.231445 0.443754
0.232422 0.444289
0.233398 0.444944
0.234375 0.445556
0.235352 0.446043
0.236328 0.446560
0.237305 0.447202
0.238281 0.447820
0.239258 0.448308
0.240234 0.448808
0.241211 0.449437
0.242188 0.450059
0.243164 0.450550
0.244141 0.451034
0.245117 0.451647
0.246094 0.452273
0.247070 0.452767
0.248047 0.453236
0.249023 0.453832
0.250000 0.454460
0.250977 0.454960
0.251953 0.455416
0.252930 0.455993
0.253906 0.456622
0.254883 0.457128
0.255859 0.457571
0.256836 0.458130
0.257812 0.458757
0.258789 0.459270
0.259766 0.459703
0.260742 0.460242
0.261719 0.460865
0.262695 0.461386
0.263672 0.461811
0.264648 0.462329
0.265625 0.462947
0.266602 0.463475
0.267578 0.463894
0.268555 0.464391
0.269531 0.465001
0.270508 0.465537
0.271484 0.465951
0.272461 0.466428
0.273438 0.467028
0.274414 0.467572
0.275391 0.467984
0.276367 0.468440
0.277344 0.469028
0.278320 0.469578
0.279297 0.469989
0.280273 0.470426
0.281250 0.471000
0.282227 0.471556
0.283203 0.471969
0.284180 0.472386
0.285156 0.472945
0.286133 0.473506
0.287109 0.473921
0.288086 0.474321
0.289062 0.474862
0.290039 0.475426
0.291016 0.475846
0.291992 0.476229
0.292969 0.476752
0.293945 0.477318
0.294922 0.477743
0.295898 0.478111
0.296875 0.478613
0.297852 0.479179
0.298828 0.479612
0.299805 0.479967
0.300781 0.480447
0.301758 0.481011
0.302734 0.481451
0.303711 0.481795
0.304688 0.482253
0.305664 0.482813
0.306641 0.483262
0.307617 0.483596
0.308594 0.484031
0.309570 0.484585
0.310547 0.485042
0.311523 0.485370
0.312500 0.485781
0.313477 0.486326
0.314453 0.486792
0.315430 0.487115
0.316406 0.487503
0.317383 0.488037
0.318359 0.488512
0.319336 0.488832
0.320312 0.489197
0.321289 0.489717
0.322266 0.490201
0.323242 0.490520
0.324219 0.490862
0.325195 0.491367
0.326172 0.491858
0.327148 0.492179
0.328125 0.492500
0.329102 0.492987
0.330078 0.493483
0.331055 0.493809
0.332031 0.494109
0.333008 0.494576
0.333984 0.495077
0.334961 0.495408
0.335938 0.495689
0.336914 0.496134
0.337891 0.496638
0.338867 0.496977
0.339844 0.497240
0.340820 0.497661
0.341797 0.498166
0.342773 0.498514
0.343750 0.498762
0.344727 0.499158
0.345703 0.499662
0.346680 0.500019
0.347656 0.500255
0.348633 0.500625
0.349609 0.501124
0.350586 0.501493
0.351562 0.501718
0.352539 0.502061
0.353516 0.502554
0.354492 0.502935
0.355469 0.503152
0.356445 0.503466
0.357422 0.503950
0.358398 0.504343
0.359375 0.504555
0.360352 0.504842
0.361328 0.505314
0.362305 0.505719
0.363281 0.505928
0.364258 0.506186
0.365234 0.506643
0.366211 0.507060
0.367188 0.507270
0.368164 0.507501
0.369141 0.507940
0.370117 0.508368
0.371094 0.508580
0.372070 0.508785
0.373047 0.509203
0.374023 0.509641
0.375000 0.509860
0.375977 0.510039
0.376953 0.510433
0.377930 0.510879
0.378906 0.511107
0.379883 0.511262
0.380859 0.511630
0.381836 0.512083
0.382812 0.512321
0.383789 0.512455
0.384766 0.512794
0.385742 0.513251
0.386719 0.513503
0.387695 0.513617
0.388672 0.513925
0.389648 0.514383
0.390625 0.514651
0.391602 0.514749
0.392578 0.515024
0.393555 0.515480
0.394531 0.515765
0.395508 0.515850
0.396484 0.516090
0.397461 0.516541
0.398438 0.516845
0.399414 0.516919
0.400391 0.517123
0.401367 0.517566
0.402344 0.517890
0.403320 0.517958
0.404297 0.518125
0.405273 0.518555
0.406250 0.518900
0.407227 0.518965
0.408203 0.519094
0.409180 0.519508
0.410156 0.519874
0.411133 0.519941
0.412109 0.520032
0.413086 0.520425
0.414062 0.520812
0.415039 0.520885
0.416016 0.520938
0.416992 0.521306
0.417969 0.521713
0.418945 0.521796
0.419922 0.521812
0.420898 0.522151
0.421875 0.522577
0.422852 0.522675
0.423828 0.522656
0.424805 0.522960
0.425781 0.523403
0.426758 0.523521
0.427734 0.523468
0.428711 0.523733
0.429688 0.524192
0.430664 0.524333
0.431641 0.524250
0.432617 0.524471
0.433594 0.524942
0.434570 0.525112
0.435547 0.525001
0.436523 0.525173
0.437500 0.525653
0.438477 0.525857
0.439453 0.525722
0.440430 0.525841
0.441406 0.526325
0.442383 0.526568
0.443359 0.526413
0.444336 0.526473
0.445312 0.526957
0.446289 0.527244
0.447266 0.527074
0.448242 0.527071
0.449219 0.527549
0.450195 0.527884
0.451172 0.527705
0.452148 0.527634
0.453125 0.528100
0.454102 0.528489
0.455078 0.528308
0.456055 0.528163
0.457031 0.528609
0.458008 0.529057
0.458984 0.528883
0.459961 0.528658
0.460938 0.529075
0.461914 0.529590
0.462891 0.529432
0.463867 0.529119
0.464844 0.529497
0.465820 0.530085
0.466797 0.529954
0.467773 0.529546
0.468750 0.529874
0.469727 0.530544
0.470703 0.530454
0.471680 0.529941
0.472656 0.530200
0.473633 0.530965
0.474609 0.530935
0.475586 0.530302
0.476562 0.530473
0.477539 0.531347
0.478516 0.531403
0.479492 0.530632
0.480469 0.530683
0.481445 0.531690
0.482422 0.531866
0.483398 0.530931
0.484375 0.530821
0.485352 0.531989
0.486328 0.532340
0.487305 0.531213
0.488281 0.530873
0.489258 0.532216
0.490234 0.532819
0.491211 0.531551
0.492188 0.530915
0.493164 0.532107
0.494141 0.532910
0.495117 0.533279
0.496094 0.533200
0.497070 0.514671
0.498047 0.434647
0.499023 0.258088
